8.445617751415545049e-01
9.949447607518572267e-01
9.734171087496433783e-01
9.578825999876622310e-01
8.375749762575734891e-01
5.981221003501099309e-01
2.924098995152723535e-01
9.710257026219289989e-01
9.739377739804782053e-01
9.857438292287665771e-01
7.010678373234694449e-01
9.943445831139642310e-01
9.981038146730767391e-01
2.438289430205126118e-01
9.847386800347749380e-01
9.914952385679689506e-01
9.392463253450331617e-01
8.915285511622725867e-01
9.250942140287924387e-01
9.561977321281085462e-01
1.578237262486467951e-01
9.764592205100380840e-01
6.727913778700181924e-01
9.988691139234566752e-01
9.677979807415071356e-01
9.583983549336844154e-01
3.631636890797922401e-01
5.280305033973848872e-01
9.738806716800499919e-01
9.773188508325756363e-01
9.618124049299143774e-01
8.425849395151213672e-01
9.603457664637812252e-01
9.899724670833180973e-01
9.972122378652572561e-01
9.881280658032145503e-01
9.909132613932426503e-01
9.264414544562769027e-01
9.867345170167524104e-01
9.312978416701866990e-01
7.471828111958467300e-01
9.647832448782174275e-01
7.969345234314132442e-01
9.975728737048474848e-01
6.160745932265870861e-01
7.059467115853875763e-01
7.046907965546418406e-01
9.933043520627701239e-01
7.757775589828148632e-01
9.880207057764940348e-01
8.869236494264398640e-01
9.589077764210701682e-01
9.706151297399037148e-01
8.427495437272504164e-01
9.912513458361120744e-01
5.603745495429410806e-01
9.233780870236112381e-01
9.396148414096038293e-01
9.096634001666321634e-01
7.457635195969490871e-01
9.564106565615536626e-01
9.943646632104449212e-01
6.419864002407369430e-01
8.130484850487658122e-01
1.567895543950881265e-01
9.388250212580221410e-01
4.346719360182011438e-01
7.404433496206426213e-01
3.521828055281805425e-01
9.943130882162484196e-01
2.483569419280463181e-02
7.818517318040657527e-01
8.208625261126270001e-01
7.287800365678658299e-01
9.966501637650747591e-01
9.494113963371141329e-01
9.353671511116902204e-01
5.507289131856104580e-01
9.116762318973767876e-01
9.932992296424970613e-01
9.732909228652323330e-01
9.977289492185315023e-01
9.195398354201792523e-01
9.176838786757434141e-01
8.850768051069497488e-01
8.430146417741133380e-01
1.375964766679389217e-01
9.437548007110191373e-01
9.776193256230840678e-01
6.921357065657000041e-01
9.919507267750647950e-01
