9.119779257948773532e-02
4.245598622378264908e-01
9.562311058318284651e-01
9.713437256629399164e-01
8.705436690710534053e-01
5.304067579245641539e-01
3.393533904621969244e-01
9.088860318089494461e-01
4.888703991407700178e-01
7.611973241397320677e-01
7.847206277332590130e-01
2.784020176359076615e-01
9.743363476955566593e-01
4.609830029052632838e-01
6.378348125302231164e-01
9.780084249623056669e-01
3.855068311740607045e-01
7.750847236196325429e-01
4.593340880842567420e-01
1.727051077049931160e-01
7.571031156706212739e-01
2.420883141622234835e-01
5.676708435403472475e-01
2.781969080365840341e-01
8.255363175044893032e-01
6.991172309951880770e-01
3.795466673703011273e-01
5.430878569001594824e-01
9.116570755433393014e-01
8.618495785497793937e-01
9.095974956593344540e-01
9.682590624716738148e-01
8.544188057408113046e-01
9.021058294593520266e-01
2.637424064355511355e-01
9.166338160668625612e-01
5.510215846218277091e-01
8.478002697060328385e-01
8.360156377428311636e-01
6.596904659574761576e-01
4.178701658052999535e-01
2.945633883351209681e-01
8.181030285954109527e-01
9.747548555600238362e-02
9.631507245533461603e-01
9.816369787420373694e-01
3.923456075331207549e-01
1.278493855313014849e-01
2.609933494752070260e-01
9.946830495837056807e-01
2.357088140612055294e-01
3.922339771344270365e-01
4.226622583347411921e-01
5.610439849312410798e-01
7.557248481416747321e-01
9.462211968762462844e-02
2.513022976286179988e-01
3.046324774546874670e-01
8.858624037193914003e-01
1.935722853147676115e-01
4.828574321976147332e-01
3.547726440307772400e-01
6.495331692448785832e-01
5.512521239142117446e-01
3.161555382544004589e-01
6.967008240596169744e-01
5.886719941139835210e-01
8.580278154966460846e-01
9.196531012717775733e-01
5.547132894998718644e-01
1.726471082848272665e-01
4.583101225215544527e-01
9.408416181039078729e-01
5.448001858166628963e-01
9.894816062785658506e-01
8.105326141794089168e-01
8.555428417670598584e-01
5.420419149479702714e-01
7.627119616545314784e-01
2.921471468856629006e-02
1.729504285693195254e-01
2.730805153142834563e-02
4.491972969668505677e-01
9.923469939276383656e-01
8.600401340493422087e-01
9.555666391160497763e-01
9.088335743730275862e-01
9.916970684557957494e-01
5.281132417685663327e-01
2.131411178543942686e-01
7.555134889086170258e-01
9.384412597336092565e-01
5.365417610618448130e-01
6.843664868622137964e-01
2.277702948092920066e-01
3.288048906085075940e-01
8.284467292608601596e-01
1.541103727649486277e-01
5.800318068770227153e-01
7.742589922833158500e-01
8.998980518521646488e-01
8.987948360972309869e-01
1.679868199475329782e-01
4.452284001248012490e-01
4.061491076794854771e-01
6.844763712502526243e-01
7.428025104799595990e-01
2.185019930773938468e-01
8.616767421784644609e-01
6.439479017175847586e-01
3.740804151045318271e-02
8.556525784975117510e-01
2.987559865368050183e-01
5.070329038290032342e-01
6.724646763037168684e-01
4.453441503340636043e-01
6.210622751766871064e-01
5.313311384733959697e-01
6.492780631016559223e-01
2.753206216526183914e-01
2.013503855090454930e-01
3.144240495406286362e-02
8.494536795277136676e-01
6.492241749922791350e-01
9.058717250532455356e-01
9.083725141433947048e-01
7.763079612334855550e-01
1.438188445813552985e-01
1.874675995818692043e-01
9.236775607669199528e-02
4.980932630171420739e-01
2.213524731811221669e-01
7.449366701937732982e-01
9.281065036852715888e-01
8.101128349872774859e-01
8.368035373846631764e-01
9.855529458349597816e-01
4.121215946383078865e-01
2.660732489852284388e-01
4.556815801933224996e-01
4.446423252405291571e-01
5.633218544206120004e-03
1.517362719272718763e-01
4.581266913867864110e-01
9.488383812759497715e-01
8.287710079934182961e-01
9.794969860327906730e-03
8.401254060409520941e-01
9.572812847165736994e-01
1.661327985571057764e-01
1.263777956669656088e-01
2.911370239911837965e-01
9.845832010010323598e-01
7.598699362529627299e-01
1.566662278484398096e-01
5.004016701793133626e-01
8.743503168953965510e-01
5.103459610858113171e-01
2.251385729503598832e-01
8.000466048742175262e-01
2.181910695510438924e-01
6.507832286572883262e-01
1.766580953281433053e-01
9.022644220663789127e-01
6.749999274840287056e-01
5.808705034357886099e-01
9.680708050305352197e-01
9.182505755927699020e-01
1.549920692295753688e-01
9.092169485884765701e-01
9.848536879746886408e-01
6.442528221875725158e-01
6.369707468322221011e-01
9.982645254121731426e-01
2.313714953938600383e-02
9.507277014399539983e-01
1.446542303269680863e-01
4.050534191728977773e-01
9.911005284524853076e-01
7.575573858164704744e-01
5.887241005167560548e-01
9.805341326899134069e-01
6.156860582348568922e-01
2.551679528006841613e-01
8.425836400520320124e-01
9.952399686713646609e-01
9.376772924839029688e-01
9.670412118088446141e-01
8.513889989913738798e-01
9.984862889550942811e-01
6.799487039038349945e-01
8.889632258266592091e-01
2.316516215771450005e-01
9.137852340269321250e-01
1.271181819512468003e-03
7.971599765575841934e-01
6.569644176226949739e-01
6.249710240462733601e-01
9.835363325885981833e-02
9.840708730016257677e-01
1.102510152783569009e-01
6.698131856320483912e-01
9.453103098290362993e-01
6.360157250935363216e-01
5.036566441246310699e-01
1.558287375092842209e-01
9.078337229402160258e-01
9.523558927224853310e-01
1.378482633337133889e-01
8.294316107386202619e-01
9.895617747777281092e-01
9.359117952665035878e-02
4.258246731222934955e-01
1.987498427328710515e-01
9.866125223217245832e-01
1.660048709367272224e-01
8.706149530027469385e-01
1.483382663720717309e-01
6.705792890556794283e-01
9.420948184135773396e-01
4.972973517612437888e-01
1.880492817011673590e-01
4.057928500527003823e-01
5.479012502057623024e-01
1.413918809193253356e-01
8.237069016859964732e-01
5.914511851487046501e-01
9.643174891563406348e-01
3.576461928261828183e-01
9.446835090623104669e-01
9.233710945487341171e-01
1.207928480317432829e-02
5.839075251498712094e-01
7.818973627738033949e-01
9.678101894568000851e-01
3.349362243559556029e-02
6.723848204521394312e-01
9.858750451862205999e-01
7.378332294234604127e-01
4.585864665796274275e-02
9.560158316587881178e-01
6.937834007108054646e-01
2.770514420113037168e-01
3.202057414531512824e-01
2.425367272272388464e-01
8.871437454966153435e-01
9.217549026154014946e-02
9.908748866958416723e-03
2.419360891377966560e-01
9.133908937241524972e-02
9.918349776308543753e-01
4.771786130172915863e-01
9.959018379231897589e-01
5.270273542644335896e-01
9.741713304579631139e-01
5.728135196200188073e-01
9.441949192702014937e-01
8.827301977010376666e-01
4.842528413651284724e-01
9.754179110469076708e-01
9.231676741780325823e-01
7.426088157763925945e-01
3.990033253128299484e-01
4.957070866361162897e-01
2.900386701805064416e-01
7.757541595128563117e-01
9.990128348490443511e-01
8.970615229565138682e-01
2.761359207857764786e-01
6.656210868723112517e-01
1.396779575234293747e-01
3.026843006206624276e-01
9.656631054456987773e-01
8.946602486641185292e-01
3.448675620783232532e-01
8.521241890300358390e-01
6.541712177915495197e-01
8.284968704321237221e-01
9.687577837767673561e-01
4.101396773374778593e-01
2.593374639298354767e-01
7.549369298917634197e-01
8.166584835505917850e-01
2.331067507707788033e-01
7.196112004173588206e-01
1.035910927463549736e-01
5.698455906398037785e-01
9.930253434520530664e-02
8.616755774623996444e-01
2.292510747122255832e-01
5.277844975581778009e-01
2.475917378168491223e-01
8.882429992154471377e-01
9.592493281273347661e-01
2.534093226027380741e-01
8.488452732044997617e-01
2.823155663785562597e-01
5.078470405874246918e-01
4.867509807942934641e-01
3.818480412900305265e-01
7.841316824174486833e-01
9.541587279668598542e-01
8.223410737469819543e-01
9.905404444002656739e-01
1.214148135460427352e-01
8.497579546783691207e-01
6.678327576975756630e-01
9.688209260871477602e-01
3.083633933941742900e-02
8.755803930366263810e-01
7.967914416192865001e-01
3.599068770623840008e-01
9.772766809861439530e-01
9.008478308536559398e-01
8.112343085835896916e-01
4.562839686149873231e-01
8.208008780083001499e-01
6.902019880706433685e-01
6.101383653616451186e-01
9.373542669909398217e-01
6.051240801732765684e-01
2.527544032111184169e-01
8.426528852494339361e-01
4.176304295158533852e-01
7.964954452753917336e-01
8.667028441491237967e-01
3.211358866380064625e-01
8.931546497324607259e-01
6.783370283398119094e-01
7.500827598401726970e-01
7.702435886509433338e-01
7.668444640689050518e-01
5.645468997816784906e-01
7.278091103710779830e-01
9.315460009008891262e-01
6.982414053426306833e-01
7.348622655542168536e-01
9.822728598354428797e-01
7.199850498930955300e-01
8.372835328855683379e-01
9.495379582073941727e-01
9.967677480809087331e-01
8.285160078068765088e-02
8.127854311426025991e-01
1.903957482033794002e-01
5.580278869572604661e-01
9.559209686191392219e-01
7.672816947247166341e-01
8.891935267063415527e-01
1.840042337540656603e-01
4.860706196772346388e-01
3.051088823638442027e-01
1.798256526612715955e-01
9.134668615554517590e-01
8.003802029521354111e-01
7.407965667098614926e-05
5.080478965119503698e-01
7.411419842907648325e-01
6.372164924098480121e-01
9.288563085126075869e-01
6.223252920840044444e-01
4.786798028301121888e-01
2.806440646018155682e-01
7.268502135919365781e-01
2.964845002253893025e-01
8.156414387602832772e-01
6.504258968932195017e-01
5.329321689432178211e-01
6.935489629803981426e-01
2.635702773683785693e-01
2.731184818542151671e-01
2.074116513291855146e-01
1.483696737370081564e-01
9.712342956559631979e-01
8.188774750823172299e-01
1.480152666900181324e-01
2.026291279297556813e-01
6.081132296926923531e-02
4.730774893780062551e-01
9.927305333713682955e-01
6.824730466674321372e-01
8.776054409563829317e-01
8.315602749940653737e-01
2.216326280258962278e-01
8.752759107237686464e-01
2.135052067440976753e-01
5.416812369768096991e-01
3.738364799273344308e-01
7.995226461502978887e-01
8.802046064762703015e-01
7.674664688228149956e-01
2.389186370836367534e-01
6.550906419826056926e-01
5.196425067494582217e-01
9.424837645973507261e-01
9.399621068690300341e-01
1.858282569751993629e-01
5.673393946518422437e-01
4.376604530925080061e-01
6.802255928638206717e-01
2.487779909182323279e-01
5.549388715076868372e-01
5.550721859730060048e-01
8.798758283202140484e-02
6.475903792318278285e-01
3.227556941076465957e-01
5.870473096448034500e-01
5.821846185160399756e-01
6.197503353379169022e-01
5.783603622324635651e-01
8.656612214869575661e-01
6.714998406530188202e-01
7.440403742452139646e-02
9.808171380275002571e-01
9.343184385786860169e-01
8.385623710347694937e-01
8.569008395167191372e-01
9.992174144948315906e-01
9.712559818282500146e-01
8.349490211004458873e-01
5.811298594820404895e-02
9.994274015161002112e-01
9.626933961242697402e-01
6.897539134290665563e-01
9.852946328870439974e-01
8.956400526785147642e-01
9.564994358044437428e-01
5.080415173681272767e-02
7.558434567722194242e-01
5.384960280804669264e-01
7.269731671511970861e-01
8.258220746176788696e-01
3.298962247367300815e-01
6.720136827062368479e-01
8.971190499938818119e-01
6.014830827794824808e-01
8.754098258054648918e-01
8.822924470751638548e-01
5.087583382523179765e-01
9.647983734387577393e-01
1.333208164959041597e-01
7.288980388734664917e-01
3.643572028307545674e-01
6.183435838950961383e-01
5.773020342742966049e-01
9.875361886096403197e-01
8.407974463712963864e-01
9.699116721305890421e-01
1.431258933342766659e-01
1.617086480556619577e-01
4.386079150640284641e-01
9.293215567881615291e-01
5.620893865850736804e-01
9.831474978045844360e-01
9.361614692566487816e-01
1.989119006755270813e-01
3.231442036451990241e-01
2.791018969621117951e-01
5.659776683128406871e-01
9.866907799011479518e-01
6.382729007572316426e-01
6.303223390395107373e-01
5.600488087396124914e-01
6.427109805311836954e-01
9.964939806138162215e-01
8.810919324302860511e-01
5.856840126089214449e-01
4.374734926607670160e-01
2.193844238972098293e-01
9.510154166570160550e-01
9.768086747586730567e-01
4.331198667973682470e-01
3.258660848731818882e-02
4.577025880084457654e-01
2.261552424539193251e-01
9.119904568469688888e-01
9.218597854993804130e-01
9.907899538738864642e-01
9.921798222491977626e-01
5.527364585454194179e-01
9.888708783364658084e-01
5.672679653057034477e-01
2.107130070928524002e-01
8.983642709962986750e-01
9.411386543898714319e-01
1.188349491041340300e-01
6.550570554758387842e-02
9.715178669002022538e-01
3.276118515298529488e-01
4.128817550671480263e-01
9.351936208676051576e-01
6.732621093004060864e-01
1.126748294934333539e-02
2.715329562022407717e-01
9.670324725083029316e-01
8.761758356819205895e-01
6.433707748122587944e-01
7.663454728787185699e-01
9.868404792157526861e-01
6.367050786748812419e-01
8.324872957706935805e-01
3.759457081728600492e-01
8.433354820306216970e-01
2.136745178162536007e-01
9.891654544343272404e-01
2.339100659478780542e-01
9.927417111423891827e-01
3.113212925347697002e-01
5.290233671567962093e-01
2.304201714394301936e-01
9.095861824352960978e-01
2.645050739790191785e-01
4.543263445248871824e-01
1.885559565162785722e-01
9.996374604226692107e-01
6.650845404670377992e-01
6.245020825875371440e-01
2.796683325790429164e-02
2.830623576691707055e-01
4.655450046971546518e-01
7.411604697453131330e-01
7.116901022889920991e-01
8.821260543897344597e-01
