8.656612214869575661e-01
7.440403742452139646e-02
9.808171380275002571e-01
8.385623710347694937e-01
8.569008395167191372e-01
9.992174144948315906e-01
8.349490211004458873e-01
9.994274015161002112e-01
9.626933961242697402e-01
6.897539134290665563e-01
2.784209845215347423e-01
8.956400526785147642e-01
9.564994358044437428e-01
5.080415173681272767e-02
7.558434567722194242e-01
5.384960280804669264e-01
7.269731671511970861e-01
8.258220746176788696e-01
3.298962247367300815e-01
6.720136827062368479e-01
8.971190499938818119e-01
8.754098258054648918e-01
8.822924470751638548e-01
1.333208164959041597e-01
7.288980388734664917e-01
3.643572028307545674e-01
5.773020342742966049e-01
9.875361886096403197e-01
8.407974463712963864e-01
9.699116721305890421e-01
1.431258933342766659e-01
1.617086480556619577e-01
9.293215567881615291e-01
5.620893865850736804e-01
9.361614692566487816e-01
1.989119006755270813e-01
3.231442036451990241e-01
2.791018969621117951e-01
5.659776683128406871e-01
9.866907799011479518e-01
6.382729007572316426e-01
6.303223390395107373e-01
5.600488087396124914e-01
6.427109805311836954e-01
9.964939806138162215e-01
8.810919324302860511e-01
5.856840126089214449e-01
4.374734926607670160e-01
2.193844238972098293e-01
9.510154166570160550e-01
4.331198667973682470e-01
3.258660848731818882e-02
4.577025880084457654e-01
2.261552424539193251e-01
9.119904568469688888e-01
9.218597854993804130e-01
9.907899538738864642e-01
2.679823773150060151e-01
9.921798222491977626e-01
5.527364585454194179e-01
9.888708783364658084e-01
5.672679653057034477e-01
2.107130070928524002e-01
8.983642709962986750e-01
9.411386543898714319e-01
1.188349491041340300e-01
6.550570554758387842e-02
9.715178669002022538e-01
3.276118515298529488e-01
4.128817550671480263e-01
6.732621093004060864e-01
1.126748294934333539e-02
2.715329562022407717e-01
9.670324725083029316e-01
8.761758356819205895e-01
6.433707748122587944e-01
7.663454728787185699e-01
9.868404792157526861e-01
6.367050786748812419e-01
8.324872957706935805e-01
3.759457081728600492e-01
8.433354820306216970e-01
2.136745178162536007e-01
9.982165134275963192e-01
9.891654544343272404e-01
2.339100659478780542e-01
9.927417111423891827e-01
3.113212925347697002e-01
5.290233671567962093e-01
3.772901841883848362e-01
2.304201714394301936e-01
4.798334687834220902e-01
9.095861824352960978e-01
6.314922970974735650e-01
2.645050739790191785e-01
4.543263445248871824e-01
1.885559565162785722e-01
9.996374604226692107e-01
9.897980706687228292e-01
6.650845404670377992e-01
5.337857142896860196e-01
1.871740587908025111e-01
4.463063911095642711e-01
6.384452508542842741e-02
9.849564367602972048e-01
7.103546716503799097e-01
5.064197521437914240e-01
7.572118174642457067e-01
3.787854923721967193e-02
8.645348895891129537e-01
7.889612346855263691e-01
1.966944810664439380e-01
9.443997361787054290e-01
8.862767342403632398e-01
9.852462172741254243e-01
1.194783018888699588e-01
4.252547772601383835e-02
8.297680138652772097e-01
9.426373687345812602e-01
4.216848921032028685e-01
8.451984652719704005e-01
8.646182372189055165e-01
1.973113513573043487e-01
9.626067336239079175e-01
6.719507424641605331e-01
4.058226781800842731e-01
9.296413278373015787e-01
4.393618858521834980e-01
2.883774041063658089e-03
4.082195699326623961e-01
6.366736410685596148e-01
9.865169655232691737e-01
1.422676428716824759e-01
9.769169899970735482e-01
4.556401308544365536e-01
5.644775804863984003e-01
9.259012862840015901e-01
6.139751662519608022e-01
9.164493823754126245e-01
6.848264951689099211e-01
8.065233692037006019e-01
9.793998488100118527e-01
9.285806183226985588e-01
3.500042176825691187e-01
5.648029701159765770e-01
7.507206794843851450e-02
5.514417358673431302e-01
9.349007320671891552e-01
8.908349516778116817e-01
9.923498917494812943e-01
8.475553298083216003e-02
6.731694204963760697e-01
6.119467028634381078e-01
4.765616962360164077e-02
5.086840733367635758e-01
7.443097115818211318e-01
5.406075229542058880e-01
1.071335250327653810e-01
7.285155474473100634e-01
2.653973034096894779e-01
7.385933571012377463e-01
9.725960712178539636e-01
6.301421020400832518e-01
2.689658182133901621e-01
6.105193226386208538e-01
7.688323813009800833e-01
8.208972981407536285e-01
2.661808434907518284e-01
5.988793108279191202e-01
7.433206506775088540e-01
9.630715866443750883e-01
4.118026284348919042e-01
7.835586390354339903e-01
6.055816107542935089e-01
2.288310868529741526e-02
2.251061680042587554e-01
7.495879359138469811e-01
4.086100003284141025e-01
6.316868649391849111e-02
8.428871969860801672e-01
9.680655375330305956e-01
9.805978982588561821e-02
4.829463997436813649e-01
1.349051875892840480e-01
4.252883076477126378e-01
4.297731290185933251e-01
6.991210416029041141e-01
2.113987229600320927e-01
1.351984940054120621e-01
9.838067490958775085e-01
4.636822179784038656e-01
6.737237413281180753e-01
2.112198620125564363e-01
7.390105145185571489e-01
9.880236249884506439e-01
9.094882779276404206e-01
2.180226721483245478e-01
7.930958191714506667e-01
6.576392608564833875e-01
6.421523196165540570e-01
9.944883742406216420e-01
9.707307993548849323e-01
2.639803014366747802e-01
7.446323484228737355e-01
2.903665126344427971e-01
8.745913676103579393e-01
5.270351644428333815e-01
7.999509443718251234e-01
7.843125989208803439e-01
2.640093150975801883e-01
1.397021827784057924e-01
3.392459499568888370e-01
2.225210738579443404e-01
8.446941406868557767e-01
2.237415041503709734e-02
5.833893771849955057e-01
8.214723317044758666e-01
9.978301843178405406e-01
3.082163803494526455e-01
1.529617567711828718e-01
7.833256245058037859e-01
7.753757923680703046e-01
7.350717187893879290e-01
8.473324522287016825e-01
1.494471975647671536e-01
9.260335680384695900e-01
6.308249160564242120e-01
9.407582356880216379e-01
7.495166409450024769e-01
7.866192839019401362e-01
3.864789035540616147e-01
4.972324832907685371e-02
4.459540735035509851e-01
9.229273181430985851e-01
7.005929897670465367e-01
7.622063882895300235e-01
1.818758416669848943e-01
9.971386475280833439e-01
8.759416042925760593e-01
1.430399416549811287e-01
3.424276096512308687e-01
7.028886620430606635e-01
7.073817375549340536e-01
9.930575753232265823e-01
9.911806500939734921e-01
5.185775310199455257e-01
5.600827238579668688e-01
4.893456145712106187e-01
6.818546901889529499e-01
5.129463850020354876e-02
9.982764854835078916e-01
7.921195003286840564e-01
9.093442239697919760e-01
1.409291424453041619e-01
2.301673159798801049e-01
6.805799494016778750e-01
5.283256371181719313e-01
4.218145137481383311e-01
7.304303169430966802e-01
7.676837430838650000e-01
1.125081513794286420e-01
1.157606777584683500e-01
6.530666805125490137e-01
8.131624261513388241e-01
5.770948812535935390e-01
2.545447681862000877e-01
7.747890526790984778e-01
8.186454461575292108e-01
6.436190391988154680e-01
8.629887899710709798e-01
4.705964536854223002e-01
1.804700175205342372e-01
2.130983701971066457e-01
9.987114977883744249e-01
4.341896193635454981e-01
5.852224672388093296e-01
1.050464376369419084e-01
8.037965320896840460e-01
8.987934322171717838e-01
7.092573373071435761e-01
9.406239600693532266e-01
7.827019844882499022e-01
9.996366029818244403e-01
9.123235802196982824e-01
1.820001383427619635e-01
4.332746188854498803e-01
6.816084910605152425e-01
8.099660230398036953e-01
8.766332730798073181e-01
9.229800665265799342e-01
7.874001359882649709e-01
9.975818772677833568e-01
8.932834716472173309e-01
9.035266460438240443e-01
2.546172769265811486e-01
1.327452629111394722e-01
8.665771476882744295e-03
5.315647088645170104e-01
2.279795263751252521e-01
9.562711116321719329e-01
5.544058029576250934e-01
8.515295350564996424e-01
9.946305679694741331e-01
7.938608917200050685e-01
5.777565155924787588e-01
2.543099810158024887e-01
5.219167795091255169e-01
9.642533939653956665e-01
4.398218069446218487e-02
5.250785224861598266e-01
2.984551789552324919e-01
6.074081885340009146e-01
9.976560616619554178e-01
5.288680473624934875e-02
5.098124646908288593e-01
8.881418190692736969e-01
9.182098405142529174e-01
6.054567733821870634e-01
5.839555625887485890e-01
4.185724428618223247e-02
1.093531063129341563e-01
7.133676976139204928e-01
9.799938449156766485e-01
5.763782151510199458e-01
9.972175687928910293e-01
8.105278399548399015e-01
5.390093188967608473e-01
8.789636470110400168e-01
4.305643189927975123e-01
3.437567331904691770e-01
1.159334709935596619e-01
8.171885933637876853e-01
8.969980904920965559e-01
5.898504531994530620e-01
9.017614278557712915e-01
6.799014045511281301e-01
9.629638706413922167e-01
9.774855805451119206e-01
8.553726799452239238e-01
1.833619429606014872e-02
1.145623639071248756e-01
3.228670209410280934e-01
4.583588483576057637e-01
4.772383262978353580e-01
2.228935933324204810e-01
9.845079798159844797e-01
