8.445617751415545049e-01
3.982450467452569587e-01
9.949447607518572267e-01
8.222865266399027595e-01
9.734171087496433783e-01
9.578825999876622310e-01
9.967201040831907832e-01
9.984011908547217873e-01
9.861724573186301246e-01
5.730120011350677833e-01
8.375749762575734891e-01
9.842408568845297800e-01
5.981221003501099309e-01
5.151575884076292633e-01
6.572168609620174795e-01
7.530045098589971397e-01
9.065716208234214646e-01
9.521114342125454044e-01
8.288336546448852316e-01
2.924098995152723535e-01
7.960463029074658081e-01
9.710257026219289989e-01
9.593682259813414159e-01
9.971577588234438183e-01
9.739377739804782053e-01
9.857438292287665771e-01
9.905782061500744140e-01
9.353643273514899992e-01
7.010678373234694449e-01
9.943445831139642310e-01
5.527364585454195289e-01
9.981038146730767391e-01
2.438289430205126118e-01
9.647936309502777030e-01
6.550570554758389230e-02
9.847386800347749380e-01
9.914952385679689506e-01
9.986877650381806859e-01
9.514792599642282189e-01
9.392463253450331617e-01
8.915285511622725867e-01
8.433354820306216970e-01
9.738700988873452147e-01
9.250942140287924387e-01
9.561977321281085462e-01
6.314922970974735650e-01
2.645050739790191785e-01
1.578237262486467951e-01
9.764592205100380840e-01
6.727913778700181924e-01
2.161990315454006550e-01
7.040293649092278505e-01
5.861707185390668817e-01
9.988691139234566752e-01
9.677979807415071356e-01
5.724223357745976681e-01
7.977043189068441231e-01
3.822135860387305684e-01
9.627972115299622546e-02
6.018258693015196004e-01
9.583983549336844154e-01
5.857790711357306890e-01
3.631636890797922401e-01
5.280305033973848872e-01
9.738806716800499919e-01
9.618124049299143774e-01
8.425849395151213672e-01
9.603457664637812252e-01
9.899724670833180973e-01
9.972122378652572561e-01
9.881280658032145503e-01
9.909132613932426503e-01
9.264414544562769027e-01
9.867345170167524104e-01
9.312978416701866990e-01
7.471828111958467300e-01
9.647832448782174275e-01
7.969345234314132442e-01
9.975728737048474848e-01
6.160745932265870861e-01
9.933043520627701239e-01
9.880207057764940348e-01
3.727265578680810654e-01
7.835586390354339903e-01
8.869236494264398640e-01
6.729456897717535080e-01
9.589077764210701682e-01
9.706151297399037148e-01
8.427495437272504164e-01
9.912513458361120744e-01
9.233780870236112381e-01
9.396148414096038293e-01
9.096634001666321634e-01
7.457635195969490871e-01
9.564106565615536626e-01
3.392459499568888370e-01
7.391075346436900562e-01
8.400220766140459316e-01
8.670435378934673309e-01
1.567895543950881265e-01
9.388250212580221410e-01
9.846622818066491645e-01
7.357391588898525292e-01
6.469290422438958021e-01
1.723624026748459270e-01
4.781850874307868038e-01
9.392870228986743841e-01
7.518179622062416412e-01
9.861070679956751572e-01
8.912515312572331094e-01
5.928159252665395895e-01
7.404433496206426213e-01
3.521828055281805425e-01
8.665771476882744295e-03
1.833619429606014872e-02
5.504040852915710325e-01
9.846441810257674510e-01
