2.125070456492335891e-01
5.895402439245999160e-01
8.782184614092007902e-01
4.218344720115594915e-01
5.338152867952870029e-01
9.031557991493600612e-01
6.381346374557743673e-01
7.772268760890670425e-01
1.024154770943219300e-01
4.905322941834676098e-01
5.600687732615866610e-01
4.673752328215138307e-01
1.763766902995357322e-01
1.263152115461535219e-01
8.066162056661863033e-01
1.196913208043035581e-01
6.913027888304176249e-01
6.488945868657339799e-01
4.547898209158251492e-01
1.745385414192003326e-01
1.661586706419052595e-01
7.972750303797868088e-02
1.654556692629107484e-01
1.858774774363669557e-01
9.886190885229916292e-01
8.434743562932044414e-01
6.934029735511619830e-01
3.927186320821555721e-01
7.996029057528898365e-01
7.327766698221165331e-01
2.692854912260624900e-01
3.194487481666825890e-02
4.464431085597875271e-01
8.674325057803304873e-01
5.398604885895472716e-01
7.680893182390277074e-01
6.374923555951514942e-01
9.054773630340366974e-01
7.703908990652579281e-01
7.059467115853875763e-01
7.046907965546418406e-01
4.137611332484316673e-01
4.712332076367526934e-01
8.094534900132337452e-01
7.562031530259865075e-01
9.747535774540632136e-01
9.832403230032092933e-01
7.369651366881525556e-01
6.282212445816502955e-01
5.090070137898695668e-01
8.710053573908996816e-01
7.431467924672930936e-01
9.453337086151272217e-01
8.320550532044923564e-01
3.767718952036899771e-02
1.650302097322817463e-01
9.449011531342573766e-01
4.175927352981057550e-01
8.501358434657512175e-01
5.552320541567093981e-01
5.588446123358927764e-01
5.480875360491481718e-01
5.886256163238229311e-02
2.590061858489001168e-01
1.022189139409247771e-01
6.354833032458802045e-01
3.494881107612676230e-01
6.838866795651474817e-01
5.600970983321045260e-01
8.245734800632336103e-01
9.111921438621474467e-03
5.680554716783573488e-01
1.814806173258324828e-01
2.030454157285584149e-02
9.336155180159746436e-01
4.564665750471121330e-01
5.233428426544992074e-03
9.867703554386140219e-01
8.908741129108778134e-01
3.667315021224757388e-01
3.906929697232823795e-01
7.462242251158806017e-01
2.418857141216623485e-01
8.359834371070444803e-01
2.147778802297027334e-01
6.262896912628553858e-01
6.548224849899396682e-01
2.091584508860569458e-01
6.058921764774714003e-01
7.418241198798906089e-01
6.971685401877318888e-01
8.822789742130908719e-01
9.212131276427234505e-01
4.825912477377306553e-01
6.057904428035771893e-01
7.127349842451399242e-01
3.540941569457942695e-01
7.728033231068935915e-01
2.851350924871905446e-01
5.482567604429595676e-01
9.446160277485633472e-01
9.393496525180305978e-01
9.400740643393159512e-01
8.843281227795347643e-01
8.977310770146512686e-01
6.417553537467592939e-01
1.863076705368474917e-01
1.799755972961768202e-01
