8.445617751415545049e-01
3.982450467452569587e-01
9.949447607518572267e-01
8.222865266399027595e-01
9.734171087496433783e-01
9.578825999876622310e-01
9.967201040831907832e-01
9.984011908547217873e-01
9.861724573186301246e-01
5.730120011350677833e-01
2.125070456492335891e-01
8.375749762575734891e-01
9.842408568845297800e-01
5.895402439245999160e-01
5.981221003501099309e-01
5.151575884076292633e-01
6.572168609620174795e-01
7.530045098589971397e-01
2.496595473015666700e-01
8.782184614092007902e-01
9.065716208234214646e-01
9.521114342125454044e-01
8.288336546448852316e-01
4.218344720115594915e-01
5.338152867952870029e-01
9.031557991493600612e-01
7.477041703689636387e-01
2.924098995152723535e-01
7.960463029074658081e-01
6.381346374557743673e-01
7.772268760890670425e-01
1.024154770943219300e-01
4.905322941834676098e-01
2.993001835227560026e-01
1.382647479749536390e-01
7.192049948182934749e-01
5.600687732615866610e-01
5.662450716588420807e-01
6.987756296070634088e-01
7.956345380117765265e-01
4.673752328215138307e-01
1.859848041144581549e-03
3.527243303614741587e-01
9.710257026219289989e-01
9.593682259813414159e-01
9.971577588234438183e-01
1.763766902995357322e-01
1.263152115461535219e-01
8.066162056661863033e-01
9.739377739804782053e-01
5.386667388571422799e-05
1.196913208043035581e-01
4.455795068470785325e-01
5.162512321433957441e-01
9.857438292287665771e-01
9.905782061500744140e-01
9.353643273514899992e-01
7.010678373234694449e-01
9.943445831139642310e-01
5.527364585454195289e-01
9.981038146730767391e-01
3.571292987205459957e-01
6.913027888304176249e-01
2.438289430205126118e-01
9.647936309502777030e-01
1.288798814674558535e-01
6.550570554758389230e-02
9.847386800347749380e-01
4.014186669716049982e-01
8.586688280788652428e-01
6.488945868657339799e-01
8.024500321900412958e-02
9.914952385679689506e-01
9.986877650381806859e-01
9.514792599642282189e-01
1.095286711436269655e-01
9.392463253450331617e-01
8.915285511622725867e-01
1.664630030370467528e-01
6.270883899441258569e-01
4.995050460137402393e-01
8.433354820306216970e-01
2.409636044298178736e-01
9.738700988873452147e-01
4.547898209158251492e-01
1.745385414192003326e-01
9.250942140287924387e-01
1.015213059154740638e-01
5.629891445239291192e-01
1.661586706419052595e-01
7.972750303797868088e-02
1.654556692629107484e-01
9.561977321281085462e-01
6.314922970974735650e-01
2.645050739790191785e-01
1.858774774363669557e-01
6.563310279546256121e-01
1.578237262486467951e-01
9.764592205100380840e-01
6.727913778700181924e-01
4.480446631240409677e-02
2.161990315454006550e-01
7.040293649092278505e-01
5.861707185390668817e-01
9.988691139234566752e-01
9.677979807415071356e-01
5.724223357745976681e-01
7.977043189068441231e-01
3.822135860387305684e-01
7.121395798721399384e-01
7.393065757769503588e-01
9.627972115299622546e-02
9.038470997123096984e-01
6.018258693015196004e-01
9.583983549336844154e-01
5.857790711357306890e-01
3.631636890797922401e-01
5.280305033973848872e-01
9.738806716800499919e-01
9.773188508325756363e-01
9.886190885229916292e-01
9.618124049299143774e-01
8.425849395151213672e-01
9.603457664637812252e-01
8.434743562932044414e-01
4.953903914932901720e-01
1.986571639926434929e-02
6.934029735511619830e-01
3.927186320821555721e-01
7.368307971296301773e-01
7.996029057528898365e-01
9.899724670833180973e-01
7.327766698221165331e-01
9.972122378652572561e-01
2.692854912260624900e-01
9.881280658032145503e-01
9.909132613932426503e-01
3.194487481666825890e-02
9.264414544562769027e-01
4.464431085597875271e-01
8.674325057803304873e-01
9.867345170167524104e-01
9.312978416701866990e-01
7.471828111958467300e-01
5.398604885895472716e-01
9.647832448782174275e-01
9.274701958579976147e-01
7.969345234314132442e-01
7.680893182390277074e-01
9.975728737048474848e-01
6.374923555951514942e-01
4.889945685844374057e-01
9.054773630340366974e-01
7.703908990652579281e-01
6.160745932265870861e-01
7.059467115853875763e-01
7.046907965546418406e-01
8.956175931783487698e-01
9.933043520627701239e-01
4.137611332484316673e-01
1.305679250585399243e-01
7.757775589828148632e-01
9.880207057764940348e-01
4.712332076367526934e-01
8.094534900132337452e-01
3.727265578680810654e-01
7.562031530259865075e-01
9.747535774540632136e-01
9.832403230032092933e-01
7.369651366881525556e-01
6.282212445816502955e-01
5.090070137898695668e-01
7.835586390354339903e-01
8.710053573908996816e-01
7.431467924672930936e-01
9.453337086151272217e-01
8.869236494264398640e-01
8.320550532044923564e-01
8.767508262858084156e-02
3.767718952036899771e-02
6.729456897717535080e-01
2.717035087692026840e-02
9.589077764210701682e-01
9.276711312180798696e-01
1.650302097322817463e-01
2.201420920537157933e-01
9.706151297399037148e-01
9.449011531342573766e-01
4.175927352981057550e-01
8.427495437272504164e-01
8.501358434657512175e-01
5.552320541567093981e-01
5.588446123358927764e-01
2.304388825616177638e-01
5.480875360491481718e-01
9.912513458361120744e-01
5.603745495429410806e-01
2.750916046459222497e-01
1.363538860682213527e-01
4.840227175445388497e-01
9.233780870236112381e-01
9.396148414096038293e-01
5.886256163238229311e-02
5.235340661760475856e-01
2.590061858489001168e-01
9.096634001666321634e-01
1.022189139409247771e-01
6.354833032458802045e-01
7.457635195969490871e-01
7.163607467026473774e-01
9.564106565615536626e-01
3.392459499568888370e-01
3.494881107612676230e-01
6.838866795651474817e-01
5.600970983321045260e-01
7.391075346436900562e-01
8.245734800632336103e-01
9.943646632104449212e-01
6.419864002407369430e-01
8.130484850487658122e-01
5.356438038818386316e-01
4.931539246600350479e-01
8.400220766140459316e-01
8.670435378934673309e-01
1.567895543950881265e-01
9.388250212580221410e-01
5.894922347910962479e-01
9.846622818066491645e-01
7.357391588898525292e-01
6.469290422438958021e-01
4.987878720442566749e-01
1.723624026748459270e-01
4.781850874307868038e-01
9.392870228986743841e-01
7.518179622062416412e-01
4.346719360182011438e-01
1.404307152469613518e-01
9.861070679956751572e-01
8.912515312572331094e-01
9.407591584671626261e-01
9.111921438621474467e-03
5.680554716783573488e-01
1.814806173258324828e-01
2.030454157285584149e-02
9.336155180159746436e-01
5.928159252665395895e-01
7.404433496206426213e-01
4.564665750471121330e-01
3.521828055281805425e-01
5.233428426544992074e-03
9.943130882162484196e-01
2.483569419280463181e-02
9.867703554386140219e-01
8.908741129108778134e-01
3.667315021224757388e-01
6.161772228804553997e-01
3.906929697232823795e-01
7.462242251158806017e-01
2.418857141216623485e-01
8.359834371070444803e-01
2.147778802297027334e-01
6.262896912628553858e-01
6.548224849899396682e-01
5.499971171273076997e-01
7.818517318040657527e-01
2.091584508860569458e-01
8.208625261126270001e-01
5.789602425427363419e-02
7.287800365678658299e-01
9.966501637650747591e-01
3.904356353071218866e-01
5.712807645043395111e-01
3.209125092291145731e-01
6.058921764774714003e-01
7.418241198798906089e-01
4.342173651383655630e-01
9.575315053727420089e-01
9.494113963371141329e-01
5.692318157647674459e-01
8.381562891523607339e-01
9.353671511116902204e-01
5.507289131856104580e-01
9.116762318973767876e-01
9.932992296424970613e-01
8.713905880133341331e-01
6.971685401877318888e-01
8.822789742130908719e-01
2.983911169830066878e-01
9.732909228652323330e-01
9.637937735556559860e-01
4.003975685527230710e-01
9.977289492185315023e-01
9.474132721789475520e-01
9.195398354201792523e-01
2.743252271584539215e-01
3.827043381396934008e-01
8.665771476882744295e-03
1.547530542174988810e-01
5.571959715645264932e-01
9.176838786757434141e-01
7.483182453094345821e-01
3.947571637387876642e-01
8.850768051069497488e-01
9.212131276427234505e-01
4.825912477377306553e-01
6.057904428035771893e-01
2.621345255001562569e-01
8.430146417741133380e-01
7.127349842451399242e-01
3.540941569457942695e-01
5.368759183300271243e-01
1.375964766679389217e-01
9.908500328147094027e-01
4.193130585885305739e-01
9.437548007110191373e-01
9.776193256230840678e-01
1.204203098646314807e-01
3.006337211870582088e-02
7.728033231068935915e-01
8.646080985887805159e-01
8.208371569013035440e-01
8.853988381730537593e-01
6.921357065657000041e-01
2.851350924871905446e-01
5.482567604429595676e-01
8.559519960531100646e-02
9.446160277485633472e-01
9.393496525180305978e-01
9.746117451683093957e-01
9.400740643393159512e-01
8.843281227795347643e-01
8.977310770146512686e-01
1.543631637718655136e-01
8.078640924273915169e-02
8.400155077444738660e-01
6.843434002104060720e-01
6.417553537467592939e-01
9.919507267750647950e-01
1.863076705368474917e-01
1.833619429606014872e-02
1.799755972961768202e-01
9.885634821528604954e-01
6.321926222760887448e-01
1.858144877111100879e-01
5.504040852915710325e-01
9.846441810257674510e-01
