4.245598622378264908e-01
9.562311058318284651e-01
8.705436690710534053e-01
3.393533904621969244e-01
9.088860318089494461e-01
7.611973241397320677e-01
2.781969080365840341e-01
8.618495785497793937e-01
2.637424064355511355e-01
9.166338160668625612e-01
8.478002697060328385e-01
2.945633883351209681e-01
3.046324774546874670e-01
5.547132894998718644e-01
8.494536795277136676e-01
9.083725141433947048e-01
9.236775607669199528e-02
9.281065036852715888e-01
8.101128349872774859e-01
8.368035373846631764e-01
9.855529458349597816e-01
4.446423252405291571e-01
4.581266913867864110e-01
9.488383812759497715e-01
8.401254060409520941e-01
2.911370239911837965e-01
8.743503168953965510e-01
2.251385729503598832e-01
9.022644220663789127e-01
1.549920692295753688e-01
9.092169485884765701e-01
9.848536879746886408e-01
9.982645254121731426e-01
6.569644176226949739e-01
7.378332294234604127e-01
9.930253434520530664e-02
2.475917378168491223e-01
8.882429992154471377e-01
9.592493281273347661e-01
8.488452732044997617e-01
9.541587279668598542e-01
7.967914416192865001e-01
3.599068770623840008e-01
9.772766809861439530e-01
9.008478308536559398e-01
4.562839686149873231e-01
6.902019880706433685e-01
6.051240801732765684e-01
2.527544032111184169e-01
4.176304295158533852e-01
3.211358866380064625e-01
7.500827598401726970e-01
8.891935267063415527e-01
5.870473096448034500e-01
5.821846185160399756e-01
8.656612214869575661e-01
9.808171380275002571e-01
9.992174144948315906e-01
9.712559818282500146e-01
9.994274015161002112e-01
9.564994358044437428e-01
3.298962247367300815e-01
1.333208164959041597e-01
1.617086480556619577e-01
5.659776683128406871e-01
4.374734926607670160e-01
4.331198667973682470e-01
7.116901022889920991e-01
