4.245598622378264908e-01
9.562311058318284651e-01
8.705436690710534053e-01
5.304067579245641539e-01
3.393533904621969244e-01
9.088860318089494461e-01
7.611973241397320677e-01
2.784020176359076615e-01
9.743363476955566593e-01
3.855068311740607045e-01
7.750847236196325429e-01
4.593340880842567420e-01
2.420883141622234835e-01
5.676708435403472475e-01
2.781969080365840341e-01
8.255363175044893032e-01
8.618495785497793937e-01
9.682590624716738148e-01
8.544188057408113046e-01
2.637424064355511355e-01
9.166338160668625612e-01
5.510215846218277091e-01
8.478002697060328385e-01
8.360156377428311636e-01
2.945633883351209681e-01
8.181030285954109527e-01
9.747548555600238362e-02
9.631507245533461603e-01
3.923456075331207549e-01
9.946830495837056807e-01
2.357088140612055294e-01
4.226622583347411921e-01
3.046324774546874670e-01
1.935722853147676115e-01
6.495331692448785832e-01
5.547132894998718644e-01
4.583101225215544527e-01
9.408416181039078729e-01
8.105326141794089168e-01
7.627119616545314784e-01
2.730805153142834563e-02
9.088335743730275862e-01
9.916970684557957494e-01
5.365417610618448130e-01
3.288048906085075940e-01
1.541103727649486277e-01
5.070329038290032342e-01
8.494536795277136676e-01
9.083725141433947048e-01
7.763079612334855550e-01
9.236775607669199528e-02
4.980932630171420739e-01
2.213524731811221669e-01
9.281065036852715888e-01
8.101128349872774859e-01
8.368035373846631764e-01
9.855529458349597816e-01
4.556815801933224996e-01
4.446423252405291571e-01
5.633218544206120004e-03
4.581266913867864110e-01
9.488383812759497715e-01
9.794969860327906730e-03
8.401254060409520941e-01
9.572812847165736994e-01
1.263777956669656088e-01
2.911370239911837965e-01
8.743503168953965510e-01
2.251385729503598832e-01
8.000466048742175262e-01
9.022644220663789127e-01
9.182505755927699020e-01
1.549920692295753688e-01
9.092169485884765701e-01
9.848536879746886408e-01
6.442528221875725158e-01
6.369707468322221011e-01
9.982645254121731426e-01
1.446542303269680863e-01
6.156860582348568922e-01
8.425836400520320124e-01
9.984862889550942811e-01
6.569644176226949739e-01
9.453103098290362993e-01
5.036566441246310699e-01
9.523558927224853310e-01
9.359117952665035878e-02
1.483382663720717309e-01
7.818973627738033949e-01
3.349362243559556029e-02
7.378332294234604127e-01
9.930253434520530664e-02
2.292510747122255832e-01
2.475917378168491223e-01
8.882429992154471377e-01
9.592493281273347661e-01
8.488452732044997617e-01
2.823155663785562597e-01
5.078470405874246918e-01
4.867509807942934641e-01
3.818480412900305265e-01
9.541587279668598542e-01
9.905404444002656739e-01
8.497579546783691207e-01
3.083633933941742900e-02
8.755803930366263810e-01
7.967914416192865001e-01
3.599068770623840008e-01
9.772766809861439530e-01
9.008478308536559398e-01
8.112343085835896916e-01
4.562839686149873231e-01
6.902019880706433685e-01
6.101383653616451186e-01
9.373542669909398217e-01
6.051240801732765684e-01
2.527544032111184169e-01
8.426528852494339361e-01
4.176304295158533852e-01
7.964954452753917336e-01
3.211358866380064625e-01
8.931546497324607259e-01
6.783370283398119094e-01
7.500827598401726970e-01
5.645468997816784906e-01
7.348622655542168536e-01
9.822728598354428797e-01
8.372835328855683379e-01
8.285160078068765088e-02
7.672816947247166341e-01
8.891935267063415527e-01
1.840042337540656603e-01
7.407965667098614926e-05
9.288563085126075869e-01
7.268502135919365781e-01
6.935489629803981426e-01
6.081132296926923531e-02
5.870473096448034500e-01
5.821846185160399756e-01
6.197503353379169022e-01
5.783603622324635651e-01
8.656612214869575661e-01
6.714998406530188202e-01
9.808171380275002571e-01
9.992174144948315906e-01
9.712559818282500146e-01
5.811298594820404895e-02
9.994274015161002112e-01
9.626933961242697402e-01
6.897539134290665563e-01
8.956400526785147642e-01
9.564994358044437428e-01
5.080415173681272767e-02
7.558434567722194242e-01
8.258220746176788696e-01
3.298962247367300815e-01
8.971190499938818119e-01
8.754098258054648918e-01
9.647983734387577393e-01
1.333208164959041597e-01
3.643572028307545674e-01
6.183435838950961383e-01
9.875361886096403197e-01
9.699116721305890421e-01
1.617086480556619577e-01
9.293215567881615291e-01
5.620893865850736804e-01
9.361614692566487816e-01
1.989119006755270813e-01
5.659776683128406871e-01
6.382729007572316426e-01
9.964939806138162215e-01
8.810919324302860511e-01
5.856840126089214449e-01
4.374734926607670160e-01
9.510154166570160550e-01
4.331198667973682470e-01
9.119904568469688888e-01
5.672679653057034477e-01
6.550570554758387842e-02
9.715178669002022538e-01
3.759457081728600492e-01
6.245020825875371440e-01
2.796683325790429164e-02
7.411604697453131330e-01
7.116901022889920991e-01
8.821260543897344597e-01
