5.680554716783573488e-01
3.667315021224757388e-01
6.161772228804553997e-01
6.262896912628553858e-01
7.418241198798906089e-01
6.057904428035771893e-01
3.540941569457942695e-01
9.400740643393159512e-01
6.417553537467592939e-01
1.863076705368474917e-01
9.988691139234566752e-01
9.677979807415071356e-01
9.583983549336844154e-01
3.631636890797922401e-01
5.280305033973848872e-01
9.738806716800499919e-01
9.618124049299143774e-01
8.425849395151213672e-01
9.899724670833180973e-01
9.972122378652572561e-01
9.881280658032145503e-01
9.909132613932426503e-01
9.264414544562769027e-01
9.867345170167524104e-01
9.647832448782174275e-01
7.969345234314132442e-01
9.975728737048474848e-01
6.160745932265870861e-01
9.933043520627701239e-01
8.869236494264398640e-01
9.589077764210701682e-01
9.706151297399037148e-01
8.427495437272504164e-01
9.912513458361120744e-01
9.233780870236112381e-01
9.396148414096038293e-01
9.096634001666321634e-01
7.457635195969490871e-01
9.564106565615536626e-01
9.967201040831907832e-01
9.984011908547217873e-01
9.842408568845297800e-01
5.981221003501099309e-01
9.065716208234214646e-01
9.593682259813414159e-01
9.971577588234438183e-01
9.905782061500744140e-01
9.353643273514899992e-01
9.647936309502777030e-01
9.986877650381806859e-01
9.514792599642282189e-01
9.738700988873452147e-01
