6.140150341196057848e-01
2.517505658967669202e+00
3.034482908623658215e+00
3.811088027806313505e+00
2.388622750054947286e+00
2.905077406128474760e+00
7.383079003447339250e-01
3.668767319709672070e-01
3.163963477577839356e+00
2.388622750054947286e+00
9.177540168963016498e+00
2.905077406128474760e+00
2.440668113649433757e-01
9.255565113758496665e+00
3.422972192852275164e+00
3.681818100909266978e+00
1.217760808671605188e-01
2.388622750054947286e+00
4.197779025311938028e+00
1.003137637479785660e+01
8.630486493972124862e-01
2.517505658967669202e+00
1.366228973792499968e+00
1.072569935578645151e+01
1.106997427730490102e+01
1.116124477263075399e+01
1.172654544592106873e+01
3.034482908623658215e+00
4.902035353383689120e-01
1.137704510767284560e+01
1.097566421108546741e+01
1.141822321127676254e+01
1.149870738458500519e+01
1.168990502050472813e+01
1.179837248612477829e+01
1.172654544592106873e+01
1.111598036731654560e+01
1.183357507666181263e+01
1.190262904176212189e+01
1.219364033047811979e+01
1.077738161279700257e+01
4.069094390729409483e+00
1.219364033047811979e+01
2.517505658967669202e+00
2.440668113649433757e-01
6.140150341196057848e-01
1.111598036731654560e+01
1.116124477263075399e+01
1.124962077953609452e+01
3.163963477577839356e+00
1.228450930898931048e+01
1.124962077953609452e+01
1.234368031120264853e+01
1.291571168001618553e+01
3.163963477577839356e+00
2.440668113649433757e-01
3.668767319709672070e-01
2.905077406128474760e+00
3.034482908623658215e+00
2.084968293210309742e-05
3.163963477577839356e+00
1.275951577302903850e+01
1.072569935578645151e+01
3.034482908623658215e+00
2.440668113649433757e-01
1.267963189683029945e+01
2.084968293210309742e-05
3.163963477577839356e+00
1.193650835940395538e+01
1.294131287266460717e+01
1.087818235474945361e+01
1.311615303773242935e+01
2.905077406128474760e+00
6.140150341196057848e-01
3.668767319709672070e-01
1.291571168001618553e+01
3.034482908623658215e+00
3.163963477577839356e+00
1.304225245508748898e+01
1.299210247548306185e+01
1.306707064741614843e+01
2.084968293210309742e-05
1.311615303773242935e+01
4.902035353383689120e-01
1.082820783057894687e+01
1.133523269507348452e+01
2.905077406128474760e+00
1.267963189683029945e+01
1.291571168001618553e+01
1.116124477263075399e+01
1.087818235474945361e+01
1.120578556062087472e+01
3.034482908623658215e+00
2.084968293210309742e-05
2.084968293210309742e-05
1.082820783057894687e+01
1.341227381566018018e+01
2.905077406128474760e+00
2.905077406128474760e+00
3.034482908623658215e+00
1.330375369520847961e+01
1.366228973792499968e+00
2.003197244996291371e+00
2.003197244996291371e+00
2.517505658967669202e+00
2.646554359129105638e+00
3.668767319709672070e-01
8.630486493972124862e-01
3.293459043423905275e+00
4.581906425410239514e+00
7.104288722169808779e+00
2.905077406128474760e+00
4.709189100193714950e+00
2.003197244996291371e+00
2.905077406128474760e+00
2.388622750054947286e+00
2.388622750054947286e+00
2.905077406128474760e+00
2.388622750054947286e+00
4.835998234025354670e+00
8.504391918112531812e+00
2.905077406128474760e+00
2.388622750054947286e+00
2.259930150507594160e+00
9.098186613977825132e+00
4.962310895255576781e+00
6.424086772911463683e+00
9.255565113758496665e+00
1.009488814898221598e+01
4.069094390729409483e+00
9.255565113758496665e+00
2.646554359129105638e+00
9.481880586243581988e+00
3.163963477577839356e+00
9.901033160678020195e+00
2.517505658967669202e+00
2.131452340612751239e+00
9.332293249212623820e+00
2.388622750054947286e+00
1.061967657702283674e+01
1.056529631001579794e+01
2.517505658967669202e+00
4.902035353383689120e-01
2.388622750054947286e+00
1.120578556062087472e+01
2.646554359129105638e+00
7.213481637107596711e+00
2.388622750054947286e+00
1.116124477263075399e+01
2.388622750054947286e+00
1.120578556062087472e+01
5.949734406884767068e+00
9.177540168963016498e+00
9.017488250857756071e+00
2.388622750054947286e+00
9.407725622616084138e+00
1.145877139286280944e+01
1.237287287794527302e+01
2.388622750054947286e+00
1.133523269507348452e+01
1.183357507666181263e+01
4.197779025311938028e+00
1.747492399321752155e+00
1.149870738458500519e+01
9.017488250857756071e+00
2.517505658967669202e+00
9.098186613977825132e+00
1.092732369719393404e+01
9.481880586243581988e+00
9.177540168963016498e+00
9.177540168963016498e+00
1.003137637479785660e+01
2.084968293210309742e-05
9.255565113758496665e+00
9.255565113758496665e+00
1.165274322155354092e+01
2.905077406128474760e+00
9.255565113758496665e+00
1.259830356734426005e+01
1.161506876320240522e+01
2.388622750054947286e+00
1.265269705860530713e+01
2.388622750054947286e+00
1.257085023179987182e+01
9.177540168963016498e+00
1.288997624513105578e+01
2.388622750054947286e+00
1.067314235218544738e+01
9.017488250857756071e+00
2.646554359129105638e+00
9.017488250857756071e+00
9.017488250857756071e+00
1.153806172711118450e+01
1.286412387789934897e+01
9.481880586243581988e+00
2.517505658967669202e+00
4.835998234025354670e+00
4.454221554634081315e+00
1.190262904176212189e+01
1.330375369520847961e+01
2.388622750054947286e+00
2.388622750054947286e+00
1.077738161279700257e+01
1.323523515716628829e+01
1.492981867460194234e+00
6.306919213810739500e+00
3.668767319709672070e-01
5.828886917193182526e+00
4.962310895255576781e+00
1.366228973792499968e+00
8.630486493972124862e-01
5.949734406884767068e+00
6.306919213810739500e+00
2.517505658967669202e+00
2.905077406128474760e+00
6.424086772911463683e+00
7.840106081417443029e+00
1.217760808671605188e-01
7.213481637107596711e+00
7.427950306029038607e+00
5.949734406884767068e+00
1.137704510767284560e+01
1.875218554291974815e+00
1.009488814898221598e+01
5.949734406884767068e+00
5.707241337729157316e+00
5.337765224360475180e+00
1.015730498716947849e+01
9.332293249212623820e+00
4.835998234025354670e+00
9.554762155829195081e+00
7.213481637107596711e+00
1.157683877212798862e+01
7.427950306029038607e+00
4.902035353383689120e-01
9.901033160678020195e+00
1.045369804452504425e+01
1.027893443836206444e+01
1.039643993140654388e+01
1.033820180495578889e+01
9.766100954043798410e+00
1.082820783057894687e+01
1.021864709090310441e+01
9.017488250857756071e+00
1.072569935578645151e+01
1.168990502050472813e+01
5.707241337729157316e+00
3.293459043423905275e+00
1.120578556062087472e+01
1.176270490617273623e+01
1.087818235474945361e+01
5.828886917193182526e+00
5.828886917193182526e+00
5.461632768170239238e+00
5.828886917193182526e+00
9.407725622616084138e+00
9.177540168963016498e+00
9.098186613977825132e+00
1.262558676140204206e+01
5.949734406884767068e+00
9.766100954043798410e+00
5.707241337729157316e+00
1.111598036731654560e+01
9.177540168963016498e+00
1.157683877212798862e+01
5.828886917193182526e+00
1.196997835625301931e+01
2.905077406128474760e+00
9.017488250857756071e+00
1.219364033047811979e+01
1.190262904176212189e+01
6.069702209228647227e+00
9.098186613977825132e+00
1.225451653558028653e+01
1.200302837666612810e+01
6.424086772911463683e+00
6.069702209228647227e+00
8.935444726307961716e+00
1.262558676140204206e+01
6.069702209228647227e+00
6.069702209228647227e+00
9.177540168963016498e+00
1.116124477263075399e+01
9.901033160678020195e+00
1.262558676140204206e+01
6.140150341196057848e-01
8.630486493972124862e-01
9.834146831997205851e+00
9.766100954043798410e+00
9.626420711724163581e+00
1.262558676140204206e+01
9.017488250857756071e+00
1.262558676140204206e+01
9.177540168963016498e+00
9.017488250857756071e+00
6.069702209228647227e+00
5.949734406884767068e+00
9.901033160678020195e+00
9.017488250857756071e+00
9.966764649319777902e+00
1.275951577302903850e+01
9.332293249212623820e+00
9.098186613977825132e+00
1.294131287266460717e+01
1.275951577302903850e+01
1.239851351243542510e+00
8.935444726307961716e+00
9.098186613977825132e+00
5.949734406884767068e+00
1.288997624513105578e+01
9.098186613977825132e+00
9.966764649319777902e+00
1.283816237867288912e+01
2.388622750054947286e+00
9.017488250857756071e+00
9.098186613977825132e+00
9.481880586243581988e+00
8.852024431851052810e+00
9.098186613977825132e+00
1.875218554291974815e+00
8.593426545941156292e+00
5.584812768958706819e+00
5.584812768958706819e+00
5.828886917193182526e+00
6.769316828206568104e+00
6.993838959741195183e+00
2.646554359129105638e+00
9.882327619869586410e-01
1.217760808671605188e-01
2.003197244996291371e+00
6.306919213810739500e+00
9.882327619869586410e-01
1.747492399321752155e+00
1.492981867460194234e+00
6.306919213810739500e+00
1.113840478202656303e+00
6.140150341196057848e-01
9.882327619869586410e-01
1.113840478202656303e+00
6.069702209228647227e+00
6.540228087628666032e+00
2.131452340612751239e+00
7.383079003447339250e-01
6.306919213810739500e+00
1.039643993140654388e+01
1.061967657702283674e+01
1.077738161279700257e+01
1.039643993140654388e+01
1.097566421108546741e+01
1.239851351243542510e+00
2.517505658967669202e+00
1.077738161279700257e+01
2.646554359129105638e+00
1.097566421108546741e+01
5.461632768170239238e+00
5.828886917193182526e+00
1.087818235474945361e+01
1.106997427730490102e+01
1.102320829007458514e+01
1.172654544592106873e+01
1.137704510767284560e+01
1.141822321127676254e+01
1.157683877212798862e+01
8.504391918112531812e+00
1.149870738458500519e+01
1.092732369719393404e+01
1.157683877212798862e+01
1.206799573214960652e+01
5.707241337729157316e+00
1.157683877212798862e+01
5.707241337729157316e+00
1.222423508102561485e+01
5.584812768958706819e+00
5.584812768958706819e+00
1.183357507666181263e+01
1.222423508102561485e+01
1.168990502050472813e+01
1.116124477263075399e+01
1.106997427730490102e+01
1.168990502050472813e+01
1.176270490617273623e+01
5.584812768958706819e+00
1.200302837666612810e+01
1.200302837666612810e+01
5.584812768958706819e+00
5.584812768958706819e+00
5.461632768170239238e+00
5.707241337729157316e+00
1.193650835940395538e+01
1.097566421108546741e+01
1.092732369719393404e+01
1.200302837666612810e+01
5.337765224360475180e+00
1.193650835940395538e+01
1.219364033047811979e+01
5.707241337729157316e+00
1.179837248612477829e+01
5.828886917193182526e+00
1.216273089726796286e+01
1.245902142282215053e+01
2.084968293210309742e-05
1.225451653558028653e+01
1.251534705891877763e+01
5.707241337729157316e+00
1.206799573214960652e+01
1.281206944349068522e+01
5.584812768958706819e+00
1.124962077953609452e+01
1.061967657702283674e+01
1.097566421108546741e+01
1.291571168001618553e+01
5.707241337729157316e+00
1.111598036731654560e+01
1.111598036731654560e+01
1.228450930898931048e+01
5.584812768958706819e+00
1.209992767874815556e+01
1.262558676140204206e+01
5.584812768958706819e+00
5.584812768958706819e+00
1.248729130949716826e+01
1.234368031120264853e+01
1.111598036731654560e+01
1.219364033047811979e+01
1.222423508102561485e+01
1.254319725378708661e+01
5.584812768958706819e+00
1.120578556062087472e+01
1.097566421108546741e+01
1.314039424570199621e+01
1.165274322155354092e+01
1.097566421108546741e+01
1.203570843809645829e+01
1.120578556062087472e+01
1.366228973792499968e+00
2.003197244996291371e+00
2.003197244996291371e+00
2.517505658967669202e+00
2.646554359129105638e+00
3.668767319709672070e-01
8.630486493972124862e-01
3.293459043423905275e+00
4.581906425410239514e+00
7.104288722169808779e+00
2.905077406128474760e+00
4.709189100193714950e+00
2.003197244996291371e+00
2.905077406128474760e+00
2.388622750054947286e+00
2.388622750054947286e+00
2.905077406128474760e+00
2.388622750054947286e+00
4.835998234025354670e+00
8.504391918112531812e+00
2.905077406128474760e+00
2.388622750054947286e+00
2.259930150507594160e+00
9.098186613977825132e+00
4.962310895255576781e+00
6.424086772911463683e+00
9.255565113758496665e+00
1.009488814898221598e+01
4.069094390729409483e+00
9.255565113758496665e+00
2.646554359129105638e+00
9.481880586243581988e+00
3.163963477577839356e+00
9.901033160678020195e+00
2.517505658967669202e+00
2.131452340612751239e+00
9.332293249212623820e+00
2.388622750054947286e+00
1.061967657702283674e+01
1.056529631001579794e+01
2.517505658967669202e+00
4.902035353383689120e-01
2.388622750054947286e+00
1.120578556062087472e+01
2.646554359129105638e+00
7.213481637107596711e+00
2.388622750054947286e+00
1.116124477263075399e+01
2.388622750054947286e+00
1.120578556062087472e+01
5.949734406884767068e+00
9.177540168963016498e+00
9.017488250857756071e+00
2.388622750054947286e+00
9.407725622616084138e+00
1.145877139286280944e+01
1.237287287794527302e+01
2.388622750054947286e+00
1.133523269507348452e+01
1.183357507666181263e+01
4.197779025311938028e+00
1.747492399321752155e+00
1.149870738458500519e+01
9.017488250857756071e+00
2.517505658967669202e+00
9.098186613977825132e+00
1.092732369719393404e+01
9.481880586243581988e+00
9.177540168963016498e+00
9.177540168963016498e+00
1.003137637479785660e+01
2.084968293210309742e-05
9.255565113758496665e+00
9.255565113758496665e+00
1.165274322155354092e+01
2.905077406128474760e+00
9.255565113758496665e+00
1.259830356734426005e+01
1.161506876320240522e+01
2.388622750054947286e+00
1.265269705860530713e+01
2.388622750054947286e+00
1.257085023179987182e+01
9.177540168963016498e+00
1.288997624513105578e+01
2.388622750054947286e+00
1.067314235218544738e+01
9.017488250857756071e+00
2.646554359129105638e+00
9.017488250857756071e+00
9.017488250857756071e+00
1.153806172711118450e+01
1.286412387789934897e+01
9.481880586243581988e+00
2.517505658967669202e+00
4.835998234025354670e+00
4.454221554634081315e+00
1.190262904176212189e+01
1.330375369520847961e+01
2.388622750054947286e+00
2.388622750054947286e+00
1.077738161279700257e+01
1.323523515716628829e+01
9.481880586243581988e+00
2.388622750054947286e+00
1.072569935578645151e+01
9.017488250857756071e+00
2.517505658967669202e+00
1.306707064741614843e+01
2.646554359129105638e+00
2.084968293210309742e-05
9.481880586243581988e+00
9.017488250857756071e+00
9.017488250857756071e+00
1.875218554291974815e+00
8.593426545941156292e+00
5.584812768958706819e+00
5.584812768958706819e+00
5.828886917193182526e+00
6.769316828206568104e+00
6.993838959741195183e+00
2.646554359129105638e+00
9.882327619869586410e-01
1.217760808671605188e-01
2.003197244996291371e+00
6.306919213810739500e+00
9.882327619869586410e-01
1.747492399321752155e+00
1.492981867460194234e+00
6.306919213810739500e+00
1.113840478202656303e+00
6.140150341196057848e-01
9.882327619869586410e-01
1.113840478202656303e+00
6.069702209228647227e+00
6.540228087628666032e+00
2.131452340612751239e+00
7.383079003447339250e-01
6.306919213810739500e+00
1.039643993140654388e+01
1.061967657702283674e+01
1.077738161279700257e+01
1.039643993140654388e+01
1.097566421108546741e+01
1.239851351243542510e+00
2.517505658967669202e+00
1.077738161279700257e+01
2.646554359129105638e+00
1.097566421108546741e+01
5.461632768170239238e+00
5.828886917193182526e+00
1.087818235474945361e+01
1.106997427730490102e+01
1.102320829007458514e+01
1.172654544592106873e+01
1.137704510767284560e+01
1.141822321127676254e+01
1.157683877212798862e+01
8.504391918112531812e+00
1.149870738458500519e+01
1.092732369719393404e+01
1.157683877212798862e+01
1.206799573214960652e+01
5.707241337729157316e+00
1.157683877212798862e+01
5.707241337729157316e+00
1.222423508102561485e+01
5.584812768958706819e+00
5.584812768958706819e+00
1.183357507666181263e+01
1.222423508102561485e+01
1.168990502050472813e+01
1.116124477263075399e+01
1.106997427730490102e+01
1.168990502050472813e+01
1.176270490617273623e+01
5.584812768958706819e+00
1.200302837666612810e+01
1.200302837666612810e+01
5.584812768958706819e+00
5.584812768958706819e+00
5.461632768170239238e+00
5.707241337729157316e+00
1.193650835940395538e+01
1.097566421108546741e+01
1.092732369719393404e+01
1.200302837666612810e+01
5.337765224360475180e+00
1.193650835940395538e+01
1.219364033047811979e+01
5.707241337729157316e+00
1.179837248612477829e+01
5.828886917193182526e+00
1.216273089726796286e+01
1.245902142282215053e+01
2.084968293210309742e-05
1.225451653558028653e+01
1.251534705891877763e+01
5.707241337729157316e+00
1.206799573214960652e+01
1.281206944349068522e+01
5.584812768958706819e+00
1.124962077953609452e+01
1.061967657702283674e+01
1.097566421108546741e+01
1.291571168001618553e+01
5.707241337729157316e+00
1.111598036731654560e+01
1.111598036731654560e+01
1.228450930898931048e+01
5.584812768958706819e+00
1.209992767874815556e+01
1.262558676140204206e+01
5.584812768958706819e+00
5.584812768958706819e+00
1.248729130949716826e+01
1.234368031120264853e+01
1.111598036731654560e+01
1.219364033047811979e+01
1.222423508102561485e+01
1.254319725378708661e+01
5.584812768958706819e+00
1.120578556062087472e+01
1.097566421108546741e+01
1.314039424570199621e+01
1.165274322155354092e+01
1.097566421108546741e+01
1.203570843809645829e+01
1.120578556062087472e+01
1.102320829007458514e+01
1.124962077953609452e+01
1.203570843809645829e+01
1.281206944349068522e+01
1.190262904176212189e+01
1.270640975685489238e+01
1.102320829007458514e+01
5.461632768170239238e+00
1.102320829007458514e+01
2.084968293210309742e-05
1.097566421108546741e+01
1.213149376468133944e+01
1.206799573214960652e+01
1.206799573214960652e+01
2.131452340612751239e+00
1.217760808671605188e-01
6.140150341196057848e-01
2.517505658967669202e+00
3.034482908623658215e+00
3.811088027806313505e+00
2.388622750054947286e+00
2.905077406128474760e+00
7.383079003447339250e-01
3.668767319709672070e-01
3.163963477577839356e+00
2.388622750054947286e+00
9.177540168963016498e+00
2.905077406128474760e+00
2.440668113649433757e-01
9.255565113758496665e+00
3.422972192852275164e+00
3.681818100909266978e+00
1.217760808671605188e-01
2.388622750054947286e+00
4.197779025311938028e+00
1.003137637479785660e+01
8.630486493972124862e-01
2.517505658967669202e+00
1.366228973792499968e+00
1.072569935578645151e+01
1.106997427730490102e+01
1.116124477263075399e+01
1.172654544592106873e+01
3.034482908623658215e+00
4.902035353383689120e-01
1.137704510767284560e+01
1.097566421108546741e+01
1.141822321127676254e+01
1.149870738458500519e+01
1.168990502050472813e+01
1.179837248612477829e+01
1.172654544592106873e+01
1.111598036731654560e+01
1.183357507666181263e+01
1.190262904176212189e+01
1.219364033047811979e+01
1.077738161279700257e+01
4.069094390729409483e+00
1.219364033047811979e+01
2.517505658967669202e+00
2.440668113649433757e-01
6.140150341196057848e-01
1.111598036731654560e+01
1.116124477263075399e+01
1.124962077953609452e+01
3.163963477577839356e+00
1.228450930898931048e+01
1.124962077953609452e+01
1.234368031120264853e+01
1.291571168001618553e+01
3.163963477577839356e+00
2.440668113649433757e-01
3.668767319709672070e-01
2.905077406128474760e+00
3.034482908623658215e+00
2.084968293210309742e-05
3.163963477577839356e+00
1.275951577302903850e+01
1.072569935578645151e+01
3.034482908623658215e+00
2.440668113649433757e-01
1.267963189683029945e+01
2.084968293210309742e-05
3.163963477577839356e+00
1.193650835940395538e+01
1.294131287266460717e+01
1.087818235474945361e+01
1.311615303773242935e+01
2.905077406128474760e+00
6.140150341196057848e-01
3.668767319709672070e-01
1.291571168001618553e+01
3.034482908623658215e+00
3.163963477577839356e+00
1.304225245508748898e+01
1.299210247548306185e+01
1.306707064741614843e+01
2.084968293210309742e-05
1.311615303773242935e+01
4.902035353383689120e-01
1.082820783057894687e+01
1.133523269507348452e+01
2.905077406128474760e+00
1.267963189683029945e+01
1.291571168001618553e+01
1.116124477263075399e+01
1.087818235474945361e+01
1.120578556062087472e+01
3.034482908623658215e+00
2.084968293210309742e-05
2.084968293210309742e-05
1.082820783057894687e+01
1.341227381566018018e+01
2.905077406128474760e+00
2.905077406128474760e+00
3.034482908623658215e+00
1.330375369520847961e+01
