-2.312505960464477539e+00 5.883330821990966797e+00 7.342074584960937500e+01
-2.312505960464477539e+00 5.883330821990966797e+00 7.342074584960937500e+01
-2.312505960464477539e+00 5.883330821990966797e+00 7.342074584960937500e+01
-2.312505960464477539e+00 5.883330821990966797e+00 7.342074584960937500e+01
-1.363370656967163086e+00 5.670585632324218750e+00 7.493704986572265625e+01
-1.081760883331298828e+00 4.298035621643066406e+00 7.514192962646484375e+01
2.147879600524902344e-01 4.481803417205810547e+00 7.538194274902343750e+01
1.366253495216369629e+00 4.281284809112548828e+00 7.681941986083984375e+01
3.185064792633056641e+00 3.491467714309692383e+00 7.855049133300781250e+01
3.763463497161865234e+00 5.083867549896240234e+00 8.106657409667968750e+01
2.493630647659301758e+00 6.474797725677490234e+00 8.304549407958984375e+01
1.297775030136108398e+00 7.827714443206787109e+00 8.424375152587890625e+01
2.327918767929077148e+00 9.385711669921875000e+00 8.374472808837890625e+01
1.790680289268493652e+00 9.372859001159667969e+00 8.588745880126953125e+01
3.208182573318481445e+00 1.017824172973632812e+01 9.043771362304687500e+01
2.690126419067382812e+00 1.029482650756835938e+01 9.067870330810546875e+01
2.188476562500000000e+00 8.804573059082031250e+00 8.946881103515625000e+01
3.716648340225219727e+00 1.182556915283203125e+01 9.155095672607421875e+01
-9.314563751220703125e+00 4.319459915161132812e+00 1.024899597167968750e+02
-9.760712623596191406e+00 4.791291236877441406e+00 1.042512893676757812e+02
-1.127122688293457031e+01 5.635160446166992188e+00 1.048737335205078125e+02
-1.038787746429443359e+01 8.008272171020507812e+00 1.046883544921875000e+02
-1.173300743103027344e+01 8.380308151245117188e+00 1.041000823974609375e+02
-1.333288955688476562e+01 1.017308902740478516e+01 1.091917114257812500e+02
-9.923253059387207031e+00 7.875982284545898438e+00 1.158848190307617188e+02
-1.166014862060546875e+01 1.263900279998779297e+01 1.117422332763671875e+02
-9.784584999084472656e+00 1.383308124542236328e+01 1.106379089355468750e+02
-8.498350143432617188e+00 1.300793361663818359e+01 1.090857696533203125e+02
-1.074933719635009766e+01 1.164757442474365234e+01 1.075783157348632812e+02
-9.349358558654785156e+00 9.415806770324707031e+00 1.120129547119140625e+02
-8.789176940917968750e+00 9.826553344726562500e+00 1.122876892089843750e+02
-1.043936538696289062e+01 5.415976047515869141e+00 1.156380844116210938e+02
-9.326800346374511719e+00 7.611485958099365234e+00 1.149456481933593750e+02
-9.142431259155273438e+00 5.968585014343261719e+00 1.196202011108398438e+02
-8.844400405883789062e+00 5.895475387573242188e+00 1.215600738525390625e+02
-8.490617752075195312e+00 6.234622478485107422e+00 1.232028045654296875e+02
-9.246438980102539062e+00 5.573078632354736328e+00 1.241147766113281250e+02
-9.270454406738281250e+00 4.554504394531250000e+00 1.246814575195312500e+02
-7.976028442382812500e+00 5.646487236022949219e+00 1.265641479492187500e+02
-7.732626914978027344e+00 4.818979740142822266e+00 1.275936355590820312e+02
-7.018576145172119141e+00 4.490437507629394531e+00 1.292374420166015625e+02
-7.747500896453857422e+00 1.129301309585571289e+00 1.302875518798828125e+02
-8.989654541015625000e+00 -1.341825485229492188e+00 1.317697296142578125e+02
-9.769402503967285156e+00 -1.520244002342224121e+00 1.348983917236328125e+02
-1.099806690216064453e+01 -3.978347063064575195e+00 1.361108856201171875e+02
-1.186776733398437500e+01 -6.074664115905761719e+00 1.371790008544921875e+02
-1.156544113159179688e+01 -7.218781471252441406e+00 1.383069000244140625e+02
-1.090659904479980469e+01 -8.204958915710449219e+00 1.401023559570312500e+02
-1.094266796112060547e+01 -9.606846809387207031e+00 1.396935119628906250e+02
-1.085018348693847656e+01 -9.965491294860839844e+00 1.403155975341796875e+02
-1.060492992401123047e+01 -9.725437164306640625e+00 1.403232269287109375e+02
-9.713372230529785156e+00 -9.092494964599609375e+00 1.417216949462890625e+02
-9.068112373352050781e+00 -8.962438583374023438e+00 1.430792083740234375e+02
-8.329846382141113281e+00 -5.834132194519042969e+00 1.448293762207031250e+02
-9.026809692382812500e+00 -3.190798521041870117e+00 1.452945404052734375e+02
-9.550643920898437500e+00 -1.304957270622253418e+00 1.456924285888671875e+02
-9.182533264160156250e+00 -6.475468277931213379e-01 1.454252624511718750e+02
-9.694325447082519531e+00 -4.292699694633483887e-01 1.449444732666015625e+02
-1.029229164123535156e+01 -6.209326535463333130e-02 1.456207580566406250e+02
-1.152738475799560547e+01 4.832886457443237305e-01 1.465342254638671875e+02
-1.311832809448242188e+01 6.491752266883850098e-01 1.473730773925781250e+02
-1.521440792083740234e+01 -1.081343144178390503e-01 1.480600891113281250e+02
-1.553239917755126953e+01 9.748615622520446777e-01 1.492510528564453125e+02
-1.631276321411132812e+01 9.191733598709106445e-01 1.489931030273437500e+02
-1.729594993591308594e+01 1.053593516349792480e+00 1.495573730468750000e+02
-1.656614685058593750e+01 2.223824262619018555e+00 1.509184417724609375e+02
-1.710128593444824219e+01 1.188680171966552734e+00 1.518490447998046875e+02
-1.752506828308105469e+01 2.766558527946472168e-01 1.524945678710937500e+02
-1.902220726013183594e+01 -1.887408256530761719e+00 1.540372314453125000e+02
-1.983973884582519531e+01 -3.629472255706787109e+00 1.539022674560546875e+02
-1.900445938110351562e+01 -2.604389190673828125e+00 1.536804809570312500e+02
-1.755109596252441406e+01 -9.522082805633544922e-01 1.520010070800781250e+02
-1.727892112731933594e+01 1.263802871108055115e-02 1.511995544433593750e+02
-1.865349197387695312e+01 -4.666549265384674072e-01 1.506746673583984375e+02
-2.053684425354003906e+01 -1.763905525207519531e+00 1.499474029541015625e+02
-2.325882911682128906e+01 -3.923551082611083984e+00 1.484766235351562500e+02
-2.449896812438964844e+01 -3.838599681854248047e+00 1.483198547363281250e+02
-2.545351791381835938e+01 -3.368235349655151367e+00 1.493955230712890625e+02
-2.709833145141601562e+01 -3.201546907424926758e+00 1.500950775146484375e+02
-2.879057312011718750e+01 -3.277264356613159180e+00 1.506271209716796875e+02
-2.799255943298339844e+01 -3.254993677139282227e+00 1.530756988525390625e+02
-2.781310653686523438e+01 -3.621059417724609375e+00 1.547955474853515625e+02
-2.540994262695312500e+01 -3.505716800689697266e+00 1.570726623535156250e+02
-2.241977119445800781e+01 -3.272441387176513672e+00 1.584742889404296875e+02
-2.106059646606445312e+01 -2.986169576644897461e+00 1.593657226562500000e+02
-2.060196685791015625e+01 -3.488568067550659180e+00 1.591764526367187500e+02
-1.985617637634277344e+01 -4.716124534606933594e+00 1.591586303710937500e+02
-1.924091911315917969e+01 -5.645963191986083984e+00 1.592813262939453125e+02
-1.787928771972656250e+01 -6.600415706634521484e+00 1.605472259521484375e+02
-1.777470397949218750e+01 -7.371244430541992188e+00 1.603144683837890625e+02
-1.489596176147460938e+01 -8.248776435852050781e+00 1.635480651855468750e+02
-8.580654144287109375e+00 -1.011933708190917969e+01 1.716647186279296875e+02
-7.017858505249023438e+00 -1.042073440551757812e+01 1.725858306884765625e+02
-6.309700012207031250e+00 -1.264892387390136719e+01 1.754371948242187500e+02
-6.270508766174316406e+00 -1.277742862701416016e+01 1.755983123779296875e+02
-6.924401283264160156e+00 -1.209340953826904297e+01 1.741635131835937500e+02
-8.191168785095214844e+00 -1.067130851745605469e+01 1.723517150878906250e+02
-8.842642784118652344e+00 -1.128481388092041016e+01 1.711213073730468750e+02
-1.127276897430419922e+01 -8.613631248474121094e+00 1.717383270263671875e+02
-1.181882667541503906e+01 -5.846093177795410156e+00 1.740410308837890625e+02
-1.593076324462890625e+01 -8.888856887817382812e+00 1.708097686767578125e+02
-2.386942100524902344e+01 -1.011647129058837891e+01 1.668539886474609375e+02
-3.007503318786621094e+01 -8.116999626159667969e+00 1.659540405273437500e+02
-3.386024856567382812e+01 -3.630168914794921875e+00 1.675368957519531250e+02
-3.318568038940429688e+01 5.011406898498535156e+00 1.739996643066406250e+02
-3.589910507202148438e+01 7.404417037963867188e+00 1.746346435546875000e+02
-3.956367492675781250e+01 8.874009132385253906e+00 1.745426940917968750e+02
-4.117898178100585938e+01 1.168871402740478516e+01 1.752203521728515625e+02
-4.388696289062500000e+01 1.294039344787597656e+01 1.744627532958984375e+02
-4.513570022583007812e+01 1.381506824493408203e+01 1.752049255371093750e+02
-4.477852630615234375e+01 1.654263496398925781e+01 1.774360656738281250e+02
-4.544696044921875000e+01 1.898795509338378906e+01 1.796034393310546875e+02
-4.322008132934570312e+01 2.191513252258300781e+01 1.845947418212890625e+02
-4.128973770141601562e+01 2.453179168701171875e+01 1.893817138671875000e+02
-3.842676544189453125e+01 2.643151855468750000e+01 1.937861175537109375e+02
-3.594722366333007812e+01 2.871500968933105469e+01 1.974491882324218750e+02
-3.250763320922851562e+01 3.012119483947753906e+01 2.005062713623046875e+02
-2.940451431274414062e+01 3.104815483093261719e+01 2.035434875488281250e+02
-2.768853569030761719e+01 3.191435241699218750e+01 2.062402954101562500e+02
-2.715983581542968750e+01 3.286925506591796875e+01 2.086970367431640625e+02
-2.631918907165527344e+01 3.388150024414062500e+01 2.117464294433593750e+02
-2.593692016601562500e+01 3.314285278320312500e+01 2.135955047607421875e+02
-2.532295608520507812e+01 3.254254913330078125e+01 2.157946166992187500e+02
-2.481963920593261719e+01 3.160130691528320312e+01 2.179343414306640625e+02
-2.508578491210937500e+01 3.030349922180175781e+01 2.194710388183593750e+02
-2.646268081665039062e+01 2.867548942565917969e+01 2.199731750488281250e+02
-3.001405906677246094e+01 2.868991470336914062e+01 2.199774169921875000e+02
-2.915938949584960938e+01 2.689659309387207031e+01 2.231844024658203125e+02
-3.003817939758300781e+01 2.669386291503906250e+01 2.249514007568359375e+02
-3.126172256469726562e+01 2.630020141601562500e+01 2.265795898437500000e+02
-3.216978073120117188e+01 2.587272071838378906e+01 2.281099548339843750e+02
-3.349065017700195312e+01 2.570075035095214844e+01 2.296053009033203125e+02
-3.407383346557617188e+01 2.509419441223144531e+01 2.310135498046875000e+02
-3.500188827514648438e+01 2.561264419555664062e+01 2.332263488769531250e+02
-3.603642654418945312e+01 2.536335182189941406e+01 2.351749877929687500e+02
-3.779801940917968750e+01 2.437965774536132812e+01 2.371369628906250000e+02
-3.937599563598632812e+01 2.387552833557128906e+01 2.398586578369140625e+02
-4.055754852294921875e+01 2.342228889465332031e+01 2.426361236572265625e+02
-4.111967849731445312e+01 2.381753730773925781e+01 2.470867156982421875e+02
-3.997879028320312500e+01 2.545767021179199219e+01 2.525387573242187500e+02
-3.692435836791992188e+01 2.782057952880859375e+01 2.598655090332031250e+02
-2.943928337097167969e+01 3.118337821960449219e+01 2.647632141113281250e+02
-1.889723205566406250e+01 3.450564193725585938e+01 2.646696777343750000e+02
-1.008612728118896484e+01 3.646121978759765625e+01 2.623674926757812500e+02
-3.372458219528198242e+00 3.786971282958984375e+01 2.623483581542968750e+02
1.989001393318176270e+00 3.853118896484375000e+01 2.605205688476562500e+02
6.386277198791503906e+00 3.929851913452148438e+01 2.584216613769531250e+02
9.972300529479980469e+00 3.959401702880859375e+01 2.565205383300781250e+02
1.256802463531494141e+01 3.919992828369140625e+01 2.523820343017578125e+02
1.455260753631591797e+01 3.909177780151367188e+01 2.497555541992187500e+02
1.549398326873779297e+01 3.923795700073242188e+01 2.474808654785156250e+02
1.640361976623535156e+01 3.962077331542968750e+01 2.463722381591796875e+02
1.721954727172851562e+01 4.028384780883789062e+01 2.444069824218750000e+02
1.828698730468750000e+01 4.150971984863281250e+01 2.433458557128906250e+02
1.992076492309570312e+01 4.321352386474609375e+01 2.430568847656250000e+02
2.211636924743652344e+01 4.518325805664062500e+01 2.423587646484375000e+02
2.458382034301757812e+01 4.731819152832031250e+01 2.414980773925781250e+02
2.653637313842773438e+01 4.903790283203125000e+01 2.412466278076171875e+02
2.873202323913574219e+01 5.074591827392578125e+01 2.425018310546875000e+02
3.100547981262207031e+01 5.205681610107421875e+01 2.438381500244140625e+02
3.376503372192382812e+01 5.330829238891601562e+01 2.438442535400390625e+02
3.708020782470703125e+01 5.461245346069335938e+01 2.437553100585937500e+02
4.031260299682617188e+01 5.586210250854492188e+01 2.433290100097656250e+02
4.375295639038085938e+01 5.738417434692382812e+01 2.421971282958984375e+02
4.690188598632812500e+01 5.874782562255859375e+01 2.404774017333984375e+02
5.054347991943359375e+01 6.035052108764648438e+01 2.392037506103515625e+02
5.417240524291992188e+01 6.212755203247070312e+01 2.387894134521484375e+02
5.779731369018554688e+01 6.417378234863281250e+01 2.391811676025390625e+02
6.019657135009765625e+01 6.600816345214843750e+01 2.371551513671875000e+02
6.306938171386718750e+01 6.845314025878906250e+01 2.366101684570312500e+02
6.733773040771484375e+01 7.104856109619140625e+01 2.364313354492187500e+02
7.028159332275390625e+01 7.355619812011718750e+01 2.356386413574218750e+02
7.382987213134765625e+01 7.639035034179687500e+01 2.343134460449218750e+02
7.785582733154296875e+01 7.875969696044921875e+01 2.323981170654296875e+02
8.141788482666015625e+01 8.075715637207031250e+01 2.303711395263671875e+02
8.242301177978515625e+01 8.173509216308593750e+01 2.260934906005859375e+02
8.227902221679687500e+01 8.185453033447265625e+01 2.218797760009765625e+02
8.396453857421875000e+01 8.228782653808593750e+01 2.186137695312500000e+02
8.577769470214843750e+01 8.284102630615234375e+01 2.150211029052734375e+02
8.760628509521484375e+01 8.314914703369140625e+01 2.110197906494140625e+02
8.814830780029296875e+01 8.283596801757812500e+01 2.071290893554687500e+02
8.801283264160156250e+01 8.246627044677734375e+01 2.034812164306640625e+02
8.723264312744140625e+01 8.186434173583984375e+01 2.008954162597656250e+02
8.588481140136718750e+01 8.139273071289062500e+01 1.975731506347656250e+02
8.476399230957031250e+01 8.139775085449218750e+01 1.943779754638671875e+02
8.252561950683593750e+01 8.085454559326171875e+01 1.938679809570312500e+02
8.070024108886718750e+01 8.068071746826171875e+01 1.929651489257812500e+02
7.956642150878906250e+01 8.094058227539062500e+01 1.922402343750000000e+02
7.769731903076171875e+01 8.063362884521484375e+01 1.917427062988281250e+02
7.345301055908203125e+01 8.011278533935546875e+01 1.897160339355468750e+02
7.015348052978515625e+01 7.957397460937500000e+01 1.915330657958984375e+02
6.918198394775390625e+01 7.985594940185546875e+01 1.994044952392578125e+02
7.074415588378906250e+01 8.111484527587890625e+01 2.082124481201171875e+02
7.077415466308593750e+01 8.132154846191406250e+01 2.095518035888671875e+02
7.063334655761718750e+01 8.153385162353515625e+01 2.101078186035156250e+02
7.060343933105468750e+01 8.143903350830078125e+01 2.117863006591796875e+02
7.251356506347656250e+01 8.228851318359375000e+01 2.131569824218750000e+02
7.177854156494140625e+01 8.241770935058593750e+01 2.132585754394531250e+02
7.173851776123046875e+01 8.274253845214843750e+01 2.144448089599609375e+02
