5.157164297997951508e-03
6.689289119094610214e-03
6.335619837045669556e-03
8.416116237640380859e-03
9.418703615665435791e-03
1.221526693552732468e-02
1.267168391495943069e-02
1.421013195067644119e-02
1.497798506170511246e-02
1.677901297807693481e-02
1.851993240416049957e-02
1.534975972026586533e-02
1.550967339426279068e-02
1.681784726679325104e-02
1.620860025286674500e-02
1.853054761886596680e-02
1.909251138567924500e-02
1.934161223471164703e-02
2.086561731994152069e-02
2.141074649989604950e-02
2.421591430902481079e-02
2.785729430615901947e-02
3.227158263325691223e-02
3.552874922752380371e-02
3.720959275960922241e-02
3.873963654041290283e-02
4.008232057094573975e-02
4.122082144021987915e-02
3.822051733732223511e-02
4.392806440591812134e-02
4.658349230885505676e-02
4.796564579010009766e-02
4.896009713411331177e-02
4.996998980641365051e-02
5.099209025502204895e-02
5.239287763833999634e-02
6.591699272394180298e-02
5.543580651283264160e-02
5.807314440608024597e-02
5.981289967894554138e-02
6.307535618543624878e-02
6.421153992414474487e-02
6.489665806293487549e-02
6.640871614217758179e-02
6.646871566772460938e-02
6.879196316003799438e-02
6.968887150287628174e-02
6.992560625076293945e-02
7.049645483493804932e-02
7.099460065364837646e-02
7.017462700605392456e-02
7.324005663394927979e-02
7.463826239109039307e-02
7.660206407308578491e-02
7.807613909244537354e-02
7.892461866140365601e-02
7.988969981670379639e-02
8.061067014932632446e-02
8.130265027284622192e-02
8.200886845588684082e-02
9.723286330699920654e-02
7.499361038208007812e-02
1.010217294096946716e-01
1.021151691675186157e-01
1.034092381596565247e-01
8.510307967662811279e-02
1.046328917145729065e-01
1.049346402287483215e-01
8.763384819030761719e-02
1.055351495742797852e-01
1.058273389935493469e-01
1.060613021254539490e-01
1.062803789973258972e-01
9.288112819194793701e-02
9.349004924297332764e-02
9.414341300725936890e-02
9.496465325355529785e-02
9.583438187837600708e-02
9.681989997625350952e-02
9.441235661506652832e-02
9.840703755617141724e-02
9.928069263696670532e-02
1.000919640064239502e-01
1.004207506775856018e-01
1.006684154272079468e-01
1.149717792868614197e-01
1.180786862969398499e-01
1.009956002235412598e-01
1.017549782991409302e-01
1.228186339139938354e-01
1.234790086746215820e-01
1.062380895018577576e-01
1.172138154506683350e-01
7.920234650373458862e-02
1.129253581166267395e-01
1.167717874050140381e-01
1.213382780551910400e-01
1.252897828817367554e-01
1.278780996799468994e-01
1.299006938934326172e-01
1.318579018115997314e-01
1.345248371362686157e-01
1.374399214982986450e-01
1.405929923057556152e-01
1.422494351863861084e-01
1.435278952121734619e-01
1.453247368335723877e-01
1.470019072294235229e-01
1.474455147981643677e-01
1.473281085491180420e-01
1.471970081329345703e-01
1.473804414272308350e-01
1.473704427480697632e-01
1.481269001960754395e-01
1.476475745439529419e-01
1.473151594400405884e-01
1.472512632608413696e-01
1.465402096509933472e-01
1.455561220645904541e-01
1.453243494033813477e-01
1.454705893993377686e-01
1.451105922460556030e-01
1.442593038082122803e-01
1.278222799301147461e-01
1.426325440406799316e-01
1.413718014955520630e-01
1.270510852336883545e-01
1.270843595266342163e-01
1.284025758504867554e-01
1.392975747585296631e-01
1.393575519323348999e-01
1.292244493961334229e-01
1.287527680397033691e-01
1.281103342771530151e-01
1.391528695821762085e-01
1.399210393428802490e-01
1.407504528760910034e-01
1.428122818470001221e-01
1.492018550634384155e-01
1.511714458465576172e-01
1.517865955829620361e-01
2.854349613189697266e-01
2.931818664073944092e-01
2.766569852828979492e-01
2.882356047630310059e-01
1.521088182926177979e-01
1.514055132865905762e-01
1.494924426078796387e-01
2.784980237483978271e-01
1.431522518396377563e-01
1.422051042318344116e-01
1.416428983211517334e-01
1.410609781742095947e-01
1.403272002935409546e-01
1.391269117593765259e-01
1.386498659849166870e-01
1.378218531608581543e-01
1.370795518159866333e-01
1.365100145339965820e-01
1.360864639282226562e-01
1.351764351129531860e-01
1.343010812997817993e-01
1.335923224687576294e-01
1.331602931022644043e-01
1.331181377172470093e-01
1.332643628120422363e-01
1.328698545694351196e-01
1.326503902673721313e-01
1.328939646482467651e-01
1.333594173192977905e-01
1.345617771148681641e-01
1.401105970144271851e-01
1.423701643943786621e-01
1.431116759777069092e-01
1.433357149362564087e-01
1.434762328863143921e-01
1.436004042625427246e-01
1.437027454376220703e-01
1.438513249158859253e-01
1.439404338598251343e-01
1.437573432922363281e-01
1.434090286493301392e-01
1.432170867919921875e-01
1.428016424179077148e-01
1.423701196908950806e-01
1.418713182210922241e-01
1.420159786939620972e-01
1.419539004564285278e-01
1.414514183998107910e-01
1.408334076404571533e-01
1.401594877243041992e-01
1.395452171564102173e-01
1.387437134981155396e-01
1.379449665546417236e-01
1.372727453708648682e-01
1.364854425191879272e-01
1.358754634857177734e-01
1.355578452348709106e-01
1.353374719619750977e-01
1.349730491638183594e-01
