4.758691406250000000e+01 4.881164932250976562e+01 1.619938468933105469e+01
4.758691406250000000e+01 4.881164932250976562e+01 1.619938468933105469e+01
4.758691406250000000e+01 4.881164932250976562e+01 1.619938468933105469e+01
4.758691406250000000e+01 4.881164932250976562e+01 1.619938468933105469e+01
4.758691406250000000e+01 4.881164932250976562e+01 1.619938468933105469e+01
4.758870315551757812e+01 4.881243133544921875e+01 1.621423339843750000e+01
4.758836746215820312e+01 4.881256103515625000e+01 1.623055076599121094e+01
4.758957290649414062e+01 4.881472015380859375e+01 1.624391937255859375e+01
4.758963394165039062e+01 4.881491851806640625e+01 1.625950813293457031e+01
4.759052276611328125e+01 4.881690597534179688e+01 1.627348518371582031e+01
4.759220123291015625e+01 4.881876754760742188e+01 1.628692436218261719e+01
4.759315490722656250e+01 4.881958007812500000e+01 1.630140495300292969e+01
4.759390640258789062e+01 4.882059478759765625e+01 1.631641197204589844e+01
4.759527587890625000e+01 4.882264709472656250e+01 1.633046340942382812e+01
4.759638977050781250e+01 4.882548141479492188e+01 1.634501075744628906e+01
4.759667205810546875e+01 4.882888031005859375e+01 1.635966300964355469e+01
4.759701156616210938e+01 4.883192062377929688e+01 1.637478256225585938e+01
4.759816360473632812e+01 4.883486175537109375e+01 1.639053916931152344e+01
4.759840011596679688e+01 4.883606338500976562e+01 1.640573120117187500e+01
4.759873580932617188e+01 4.883724594116210938e+01 1.642005348205566406e+01
4.759887695312500000e+01 4.883764266967773438e+01 1.643409729003906250e+01
4.759814071655273438e+01 4.883891296386718750e+01 1.644898223876953125e+01
4.760033416748046875e+01 4.884394836425781250e+01 1.646558761596679688e+01
4.760345840454101562e+01 4.885111618041992188e+01 1.648245429992675781e+01
4.760389328002929688e+01 4.885464859008789062e+01 1.650243759155273438e+01
4.759550476074218750e+01 4.885081863403320312e+01 1.651537322998046875e+01
4.759598541259765625e+01 4.885328674316406250e+01 1.653321838378906250e+01
4.759560394287109375e+01 4.885640716552734375e+01 1.655108070373535156e+01
4.759627532958984375e+01 4.886336135864257812e+01 1.656912231445312500e+01
4.759346389770507812e+01 4.886494827270507812e+01 1.658330345153808594e+01
4.758967590332031250e+01 4.886421966552734375e+01 1.659534645080566406e+01
4.758857345581054688e+01 4.886587524414062500e+01 1.660773086547851562e+01
4.758726882934570312e+01 4.886382293701171875e+01 1.661787605285644531e+01
4.758885955810546875e+01 4.886580276489257812e+01 1.663222885131835938e+01
4.758862304687500000e+01 4.886606597900390625e+01 1.664544486999511719e+01
4.758821868896484375e+01 4.886915969848632812e+01 1.666141128540039062e+01
4.758883666992187500e+01 4.887258148193359375e+01 1.667685890197753906e+01
4.758901214599609375e+01 4.887513351440429688e+01 1.669093513488769531e+01
4.758913421630859375e+01 4.887826156616210938e+01 1.670524787902832031e+01
4.759052658081054688e+01 4.888267135620117188e+01 1.672037315368652344e+01
4.759309768676757812e+01 4.888689041137695312e+01 1.673670387268066406e+01
4.759532165527343750e+01 4.889008331298828125e+01 1.675425910949707031e+01
4.759610366821289062e+01 4.889058685302734375e+01 1.677320861816406250e+01
4.759646606445312500e+01 4.888839721679687500e+01 1.679121208190917969e+01
4.759527969360351562e+01 4.888594436645507812e+01 1.680759811401367188e+01
4.759293746948242188e+01 4.888394927978515625e+01 1.682258033752441406e+01
4.758917617797851562e+01 4.888166427612304688e+01 1.683689880371093750e+01
4.758462524414062500e+01 4.887968444824218750e+01 1.685136222839355469e+01
4.758138275146484375e+01 4.887726974487304688e+01 1.686498641967773438e+01
4.758127593994140625e+01 4.887476348876953125e+01 1.687955474853515625e+01
4.758065032958984375e+01 4.887160873413085938e+01 1.689525794982910156e+01
4.757934951782226562e+01 4.886934661865234375e+01 1.691146469116210938e+01
4.757738494873046875e+01 4.886761093139648438e+01 1.692658233642578125e+01
4.757570266723632812e+01 4.886607742309570312e+01 1.694042205810546875e+01
4.757449340820312500e+01 4.886483383178710938e+01 1.695366287231445312e+01
4.757291030883789062e+01 4.886327743530273438e+01 1.696788024902343750e+01
4.757133483886718750e+01 4.886216735839843750e+01 1.698333930969238281e+01
4.756949234008789062e+01 4.886097717285156250e+01 1.699841880798339844e+01
4.756759643554687500e+01 4.885948181152343750e+01 1.701269340515136719e+01
4.756549835205078125e+01 4.885874557495117188e+01 1.702672004699707031e+01
4.756350708007812500e+01 4.885753250122070312e+01 1.704114723205566406e+01
4.756175994873046875e+01 4.885677337646484375e+01 1.705560111999511719e+01
4.755897521972656250e+01 4.885614776611328125e+01 1.707001876831054688e+01
4.755577850341796875e+01 4.885454940795898438e+01 1.708532714843750000e+01
4.755194473266601562e+01 4.885186386108398438e+01 1.709972953796386719e+01
4.754703140258789062e+01 4.884951019287109375e+01 1.711342620849609375e+01
4.754139709472656250e+01 4.884746170043945312e+01 1.712767601013183594e+01
4.753524017333984375e+01 4.884612274169921875e+01 1.714214706420898438e+01
4.752959060668945312e+01 4.884437179565429688e+01 1.715672874450683594e+01
4.752436065673828125e+01 4.884251022338867188e+01 1.717153930664062500e+01
4.752030944824218750e+01 4.884053039550781250e+01 1.718687057495117188e+01
4.751705169677734375e+01 4.883770370483398438e+01 1.720281028747558594e+01
4.751406097412109375e+01 4.883507919311523438e+01 1.721806526184082031e+01
4.751064300537109375e+01 4.883342361450195312e+01 1.723167228698730469e+01
4.750738906860351562e+01 4.883152008056640625e+01 1.724419784545898438e+01
4.750410461425781250e+01 4.883002471923828125e+01 1.725699996948242188e+01
4.749981689453125000e+01 4.882863235473632812e+01 1.727084922790527344e+01
4.749557495117187500e+01 4.882670593261718750e+01 1.728608512878417969e+01
4.749166870117187500e+01 4.882478713989257812e+01 1.730240249633789062e+01
4.748714828491210938e+01 4.882355499267578125e+01 1.731916046142578125e+01
4.748239135742187500e+01 4.882246780395507812e+01 1.733596801757812500e+01
4.747888565063476562e+01 4.882245254516601562e+01 1.735286712646484375e+01
4.747658920288085938e+01 4.882396316528320312e+01 1.736965560913085938e+01
4.747483825683593750e+01 4.882584381103515625e+01 1.738666152954101562e+01
4.747376632690429688e+01 4.882752990722656250e+01 1.740353012084960938e+01
4.747331619262695312e+01 4.882970428466796875e+01 1.742091751098632812e+01
4.747318649291992188e+01 4.883213424682617188e+01 1.743896484375000000e+01
4.747323989868164062e+01 4.883320999145507812e+01 1.745715332031250000e+01
4.747202301025390625e+01 4.883349609375000000e+01 1.747562408447265625e+01
4.746921920776367188e+01 4.883166885375976562e+01 1.749411201477050781e+01
4.746630477905273438e+01 4.882951736450195312e+01 1.751206398010253906e+01
4.746369171142578125e+01 4.882865905761718750e+01 1.752916908264160156e+01
4.746115875244140625e+01 4.882716369628906250e+01 1.754652595520019531e+01
4.745812988281250000e+01 4.882478713989257812e+01 1.756369209289550781e+01
4.745538711547851562e+01 4.882191467285156250e+01 1.757966232299804688e+01
4.745317077636718750e+01 4.881750488281250000e+01 1.759500885009765625e+01
4.745133590698242188e+01 4.881255340576171875e+01 1.761035537719726562e+01
4.744989776611328125e+01 4.880876922607421875e+01 1.762613677978515625e+01
4.744812774658203125e+01 4.880549240112304688e+01 1.764286994934082031e+01
4.744691848754882812e+01 4.880278778076171875e+01 1.765964889526367188e+01
4.744374847412109375e+01 4.880002975463867188e+01 1.767555618286132812e+01
4.743942642211914062e+01 4.879613876342773438e+01 1.769134521484375000e+01
4.743457412719726562e+01 4.879266738891601562e+01 1.770781517028808594e+01
4.742982482910156250e+01 4.878969573974609375e+01 1.772599220275878906e+01
4.742412567138671875e+01 4.878799819946289062e+01 1.774396133422851562e+01
4.741800308227539062e+01 4.878543090820312500e+01 1.776342010498046875e+01
4.741218948364257812e+01 4.878348922729492188e+01 1.778307151794433594e+01
4.740605926513671875e+01 4.878236007690429688e+01 1.780115127563476562e+01
4.740006256103515625e+01 4.878148651123046875e+01 1.781879234313964844e+01
4.739397430419921875e+01 4.878097152709960938e+01 1.783876419067382812e+01
4.738555145263671875e+01 4.878088378906250000e+01 1.785820198059082031e+01
4.737804031372070312e+01 4.878383255004882812e+01 1.787914657592773438e+01
4.737026977539062500e+01 4.878596878051757812e+01 1.789907073974609375e+01
4.736426162719726562e+01 4.879015350341796875e+01 1.792191886901855469e+01
4.735685348510742188e+01 4.879308319091796875e+01 1.794500923156738281e+01
4.735257339477539062e+01 4.879932022094726562e+01 1.797116088867187500e+01
4.734905624389648438e+01 4.880583572387695312e+01 1.799827957153320312e+01
4.734759521484375000e+01 4.881167221069335938e+01 1.802622985839843750e+01
4.734690475463867188e+01 4.881673431396484375e+01 1.805468368530273438e+01
4.734696960449218750e+01 4.882330703735351562e+01 1.808366012573242188e+01
4.734521865844726562e+01 4.883169937133789062e+01 1.811305618286132812e+01
4.734227752685546875e+01 4.883909606933593750e+01 1.814210128784179688e+01
4.733868408203125000e+01 4.884566497802734375e+01 1.817136383056640625e+01
4.733531570434570312e+01 4.885130310058593750e+01 1.819977951049804688e+01
4.733136749267578125e+01 4.885740280151367188e+01 1.822776985168457031e+01
4.733167648315429688e+01 4.886081695556640625e+01 1.825834846496582031e+01
4.733150863647460938e+01 4.886441802978515625e+01 1.828988838195800781e+01
4.733231353759765625e+01 4.886681747436523438e+01 1.832114601135253906e+01
4.733285903930664062e+01 4.886512374877929688e+01 1.835233116149902344e+01
4.733105468750000000e+01 4.886766052246093750e+01 1.838387107849121094e+01
4.732660675048828125e+01 4.887150573730468750e+01 1.841358375549316406e+01
4.732102203369140625e+01 4.887560272216796875e+01 1.844415283203125000e+01
4.731422424316406250e+01 4.887984848022460938e+01 1.847401428222656250e+01
4.730541229248046875e+01 4.888525390625000000e+01 1.850251770019531250e+01
4.729791259765625000e+01 4.888998031616210938e+01 1.853311347961425781e+01
4.729335784912109375e+01 4.889370346069335938e+01 1.856551361083984375e+01
4.728872680664062500e+01 4.889596557617187500e+01 1.859725570678710938e+01
4.728104782104492188e+01 4.889971923828125000e+01 1.862767410278320312e+01
4.727360916137695312e+01 4.890335464477539062e+01 1.865941619873046875e+01
4.726539230346679688e+01 4.890915679931640625e+01 1.869257926940917969e+01
4.725895309448242188e+01 4.891395187377929688e+01 1.872761726379394531e+01
4.725422286987304688e+01 4.891779708862304688e+01 1.876474952697753906e+01
4.725016021728515625e+01 4.892096710205078125e+01 1.880303764343261719e+01
4.724724960327148438e+01 4.892538452148437500e+01 1.884145736694335938e+01
4.724597930908203125e+01 4.893092346191406250e+01 1.887976264953613281e+01
4.724607086181640625e+01 4.893592834472656250e+01 1.891750144958496094e+01
4.724695587158203125e+01 4.894020080566406250e+01 1.895437812805175781e+01
4.724873733520507812e+01 4.894459915161132812e+01 1.899092674255371094e+01
4.725037765502929688e+01 4.894821166992187500e+01 1.902671813964843750e+01
4.725162506103515625e+01 4.895200347900390625e+01 1.906139183044433594e+01
4.725214385986328125e+01 4.895640945434570312e+01 1.909453010559082031e+01
4.725273895263671875e+01 4.896137237548828125e+01 1.912713623046875000e+01
4.725361633300781250e+01 4.896654129028320312e+01 1.915966224670410156e+01
4.725490570068359375e+01 4.897196197509765625e+01 1.919237327575683594e+01
4.725579071044921875e+01 4.897773361206054688e+01 1.922468757629394531e+01
4.725656127929687500e+01 4.898451614379882812e+01 1.925662803649902344e+01
4.725830459594726562e+01 4.899124908447265625e+01 1.928792190551757812e+01
4.726073455810546875e+01 4.899869155883789062e+01 1.931986808776855469e+01
4.726378250122070312e+01 4.900604629516601562e+01 1.935142326354980469e+01
4.726700210571289062e+01 4.901352310180664062e+01 1.938286590576171875e+01
4.727084732055664062e+01 4.902108764648437500e+01 1.941463279724121094e+01
4.727501678466796875e+01 4.902815246582031250e+01 1.944583129882812500e+01
4.727975082397460938e+01 4.903532409667968750e+01 1.947687911987304688e+01
4.728465270996093750e+01 4.904225540161132812e+01 1.950725364685058594e+01
4.729013061523437500e+01 4.904973602294921875e+01 1.953800964355468750e+01
4.729644393920898438e+01 4.905715179443359375e+01 1.956897735595703125e+01
4.730358123779296875e+01 4.906415557861328125e+01 1.959932708740234375e+01
4.731118011474609375e+01 4.907125091552734375e+01 1.962981414794921875e+01
4.731934738159179688e+01 4.907863998413085938e+01 1.966027832031250000e+01
4.732774734497070312e+01 4.908628845214843750e+01 1.968992614746093750e+01
4.733694839477539062e+01 4.909408950805664062e+01 1.971896171569824219e+01
4.734639739990234375e+01 4.910167312622070312e+01 1.974717140197753906e+01
4.735564804077148438e+01 4.910978698730468750e+01 1.977483558654785156e+01
4.736500549316406250e+01 4.911883544921875000e+01 1.980187034606933594e+01
4.737522888183593750e+01 4.912866592407226562e+01 1.982871818542480469e+01
4.738609313964843750e+01 4.913846588134765625e+01 1.985511398315429688e+01
4.739686584472656250e+01 4.914886856079101562e+01 1.988018989562988281e+01
4.740854644775390625e+01 4.915941238403320312e+01 1.990519523620605469e+01
4.742059326171875000e+01 4.916944503784179688e+01 1.992884635925292969e+01
4.743238067626953125e+01 4.917979812622070312e+01 1.995147895812988281e+01
4.744454574584960938e+01 4.918975067138671875e+01 1.997300720214843750e+01
4.745637893676757812e+01 4.919940567016601562e+01 1.999321556091308594e+01
4.746794509887695312e+01 4.920912933349609375e+01 2.001297950744628906e+01
4.747896575927734375e+01 4.921820449829101562e+01 2.003170204162597656e+01
4.748947525024414062e+01 4.922728347778320312e+01 2.004962921142578125e+01
4.749924087524414062e+01 4.923620605468750000e+01 2.006674957275390625e+01
4.750825881958007812e+01 4.924477386474609375e+01 2.008366584777832031e+01
4.751646041870117188e+01 4.925325012207031250e+01 2.010058403015136719e+01
4.752409362792968750e+01 4.926125335693359375e+01 2.011713027954101562e+01
4.753099822998046875e+01 4.926911926269531250e+01 2.013362884521484375e+01
4.753694152832031250e+01 4.927703475952148438e+01 2.015050697326660156e+01
4.754243087768554688e+01 4.928443527221679688e+01 2.016748237609863281e+01
4.754735946655273438e+01 4.929176712036132812e+01 2.018451309204101562e+01
4.755194473266601562e+01 4.929893112182617188e+01 2.020200920104980469e+01
4.755603408813476562e+01 4.930569458007812500e+01 2.021973609924316406e+01
4.755986785888671875e+01 4.931190109252929688e+01 2.023777961730957031e+01
4.756336975097656250e+01 4.931774902343750000e+01 2.025639343261718750e+01
4.756681060791015625e+01 4.932340621948242188e+01 2.027590560913085938e+01
4.757056427001953125e+01 4.932931900024414062e+01 2.029625892639160156e+01
4.757527160644531250e+01 4.933609771728515625e+01 2.031650352478027344e+01
