0.000000000000000000e+00 0.000000000000000000e+00 0.000000000000000000e+00
0.000000000000000000e+00 0.000000000000000000e+00 0.000000000000000000e+00
0.000000000000000000e+00 0.000000000000000000e+00 0.000000000000000000e+00
0.000000000000000000e+00 0.000000000000000000e+00 0.000000000000000000e+00
-3.985367923362214682e-01 2.988358385252769533e-01 8.671018202998135305e-01
-4.016885057073611431e-01 2.628591734902435695e-01 8.772407875233648733e-01
3.813889486347782354e-02 2.805123342610164050e-01 9.590924121407845560e-01
-3.101623572546498564e-01 2.885126212680257929e-01 9.058475476101327528e-01
1.162099125308837383e-01 2.293459609744744401e-02 9.929598483984191093e-01
3.745160751861222326e-01 -2.373791495399020790e-01 8.963196130794505168e-01
-2.101263615281576957e-01 1.337446720797935140e-01 9.684829760409867649e-01
5.952156101447358266e-02 -6.044293057770856042e-02 9.963954214655839081e-01
5.013672121332571896e-01 -4.233915033835554675e-01 7.545664672249476901e-01
3.777124608457158028e-01 -4.514899604397896171e-01 8.083873530331550095e-01
2.420238031029775180e-02 -1.266163779127482125e-01 9.916564614984223480e-01
3.057264147538621413e-01 -3.510962236366397815e-01 8.850213562789546184e-01
3.256511598828628062e-01 -4.238683623379651544e-01 8.451549760108365561e-01
1.909726019746580683e-01 -4.786279194612288457e-01 8.569975379236771662e-01
3.214126745474332192e-01 -4.653270697494715780e-01 8.247209290412341742e-01
5.261875429042238705e-01 -4.837282229910344067e-01 6.993809233703415229e-01
6.435026306162979770e-01 -5.823971451522944598e-01 4.967070864285728082e-01
4.631501630556596472e-01 -6.664215040342263974e-01 5.842724582095885077e-01
4.868324484545039632e-01 -7.650670962502600370e-01 4.215050478546943369e-01
5.198371859471961898e-01 -6.985216167123183828e-01 4.917691034338258493e-01
4.481633137957594104e-01 -6.492808698461964845e-01 6.144786377241848729e-01
6.283692780236052045e-01 -6.236791886301515930e-01 4.649476530812139408e-01
-7.226525652808851730e-01 6.495183991684442271e-01 -2.364299453001197093e-01
-7.759145124591143583e-01 6.155688887372444684e-01 -1.379551107213096706e-01
-8.129170381898406239e-01 5.747138098275974549e-01 -9.418028357413929519e-02
-8.298658476666299633e-01 5.484650272372376678e-01 1.025123835163430364e-01
8.493499741316660190e-01 -5.160449431440284895e-01 -1.109154547302343696e-01
8.756852337776850348e-01 -4.808485284646246694e-01 -4.427261023619566416e-02
8.530551071795116069e-01 -5.166955274335243153e-01 7.295694651740985970e-02
8.441802621495234638e-01 -5.322780131051192409e-01 6.355943487814025294e-02
8.482397517809312504e-01 -5.277497280457128515e-01 -4.437959042510716129e-02
8.326904340804320848e-01 -5.454902924877537140e-01 -9.522070044148307766e-02
8.005448812592618202e-01 -5.938900582439964326e-01 -8.014045051368946793e-02
-7.265261916940835007e-01 6.867622213094251027e-01 2.274520091439277344e-02
-6.425986138668835501e-01 7.661153634955619740e-01 1.158754816269741070e-02
-6.691539407855048305e-01 7.322754377478218890e-01 1.265135834701758000e-01
-7.449543307002444159e-01 6.481346601509468952e-01 1.580016059474309009e-01
-7.643498499972490867e-01 6.366983728246118357e-01 1.019043122329696266e-01
-7.608623669978565873e-01 6.362387040654620129e-01 1.276274654434560452e-01
7.567174786520391994e-01 -6.228128913049122417e-01 -1.987026922991132760e-01
7.533448630472932006e-01 -5.970240586324033760e-01 -2.757422541692650664e-01
7.379471450338094263e-01 -6.155234766851274131e-01 -2.767035612092899610e-01
7.167084571500842438e-01 -6.422185983395062303e-01 -2.718165914663522309e-01
6.966988869968062659e-01 -6.734314141563105816e-01 -2.471857424788956037e-01
6.846381934386607249e-01 -6.841403643188070927e-01 -2.514408598354228586e-01
6.580598748480843696e-01 -7.275428591859667282e-01 -1.940066729842868654e-01
-6.371640867284966703e-01 7.617053322012571348e-01 1.175878968245180761e-01
-6.131185701423647050e-01 7.861212366121064221e-01 7.809622458246602561e-02
6.259996725564116460e-01 -7.680799164640159660e-01 -1.348245225613491083e-01
6.518122585300086813e-01 -7.095811272337043674e-01 -2.676479095822621446e-01
6.404289712305418769e-01 -7.236568609948247355e-01 -2.572381782389749905e-01
6.615114326444010429e-01 -6.611684002340587618e-01 -3.539194414166697000e-01
6.881035556778564155e-01 -5.879758317814282043e-01 -4.252033841638949152e-01
7.010506249797435752e-01 -5.559585335804397843e-01 -4.465849640937296638e-01
6.917636583010954299e-01 -4.842711601024977663e-01 -5.356719934314900788e-01
6.008591717893465578e-01 -2.237661444528180610e-01 -7.673962263872172729e-01
1.651161791933712653e-02 -5.491532957765451473e-01 8.355585103458907925e-01
1.581830910365832621e-01 -6.869953270677541246e-01 7.092358777566045713e-01
3.260123713325432937e-01 -8.017309109363303099e-01 5.009425917082055424e-01
6.118895648664347542e-01 -6.775640808951816085e-01 -4.080417585103671141e-01
6.006407339182756600e-01 -6.454688171298870181e-01 -4.718058020743912118e-01
6.028690284926166987e-01 -6.071926723693327199e-01 -5.175577195882181680e-01
6.125800687534360689e-01 -5.830270420665667475e-01 -5.336901044474643419e-01
-5.898091050667764179e-01 5.655520348797512531e-01 5.764339644952409802e-01
5.750879103825995431e-01 -5.839887939217588420e-01 -5.729144647376120947e-01
5.836094939534491877e-01 -6.061124716730093009e-01 -5.403958088751564803e-01
5.937127387527909583e-01 -6.330306347198804140e-01 -4.967669467152637797e-01
6.043604006800523676e-01 -6.772292867315554687e-01 -4.196534275838996741e-01
6.298582638068148665e-01 -6.658373220180092700e-01 -3.999240279379954188e-01
-6.779548980992947671e-01 6.493947335134819809e-01 3.444758862796183929e-01
7.026786133388374100e-01 -6.412351015016632960e-01 -3.083185219190704984e-01
6.881748539247415364e-01 -6.192413742339593075e-01 -3.780945528072285899e-01
6.615842890901273421e-01 -5.855829485441755855e-01 -4.684002976124377882e-01
6.340924028781690369e-01 -5.395424729453364154e-01 -5.539140226607560669e-01
6.060596988826152387e-01 -4.801342738579734148e-01 -6.341630077962528977e-01
5.860689571568064027e-01 -4.565882750507987975e-01 -6.693656135052573619e-01
5.735441685082470764e-01 -4.485414368725200718e-01 -6.854616445713926920e-01
5.884208069223632043e-01 -4.686073360587144077e-01 -6.589143484344458512e-01
6.261512079681721410e-01 -6.004899359820732307e-01 -4.973394228735988909e-01
6.388752858959557690e-01 -6.754675943524680592e-01 -3.682144728973188452e-01
6.412960057066448005e-01 -7.053667256697957466e-01 -3.019887669807838626e-01
6.118777788097499171e-01 -7.682773060125944742e-01 -1.880307551037252167e-01
-5.740069440176787108e-01 8.173173416779602185e-01 5.008384182506085691e-02
-5.619365637315059114e-01 8.271430988190875411e-01 -7.848083688657161300e-03
-5.333298855542779604e-01 8.421673787596786198e-01 -7.945652476488497540e-02
4.990332444331375128e-01 -8.479632688919176431e-01 1.786732088497592075e-01
3.518209206619234974e-01 -8.622793305808357234e-01 3.642751650025874977e-01
3.406498123958439650e-01 -8.568210103012797729e-01 3.870600232792976714e-01
3.139296717203986509e-01 -8.414292563803219549e-01 4.398237916720524887e-01
2.285922153739347040e-01 -8.145260514205727720e-01 5.331912514545296133e-01
-2.764322555138201132e-01 -4.790974703947648017e-01 8.330971263741578925e-01
-2.669514459692178265e-01 -4.542105015560053971e-01 8.499586729783901173e-01
6.313328198618816112e-01 -6.423470851430689299e-01 4.345216827425852357e-01
8.527175696525083337e-01 -5.214014055349870391e-01 -3.183269878693017335e-02
8.627074544774533393e-01 -3.675970252936304750e-01 -3.472870210421155068e-01
8.087896137978926037e-01 -2.817767470259152085e-01 -5.161988235633137023e-01
7.714554675829371488e-01 -1.840778895291393935e-01 -6.090745374113826216e-01
-7.071483408178242946e-01 -1.317439496404003083e-02 7.069424724798544224e-01
-6.623890477308488345e-01 -1.781788489510146012e-01 7.276627290391551872e-01
-6.334715224179580106e-01 -2.594333342330520376e-01 7.289774861915807591e-01
-6.317259362860701000e-01 -2.721986038613046222e-01 7.258307388637137425e-01
6.166876951390888317e-01 2.692598407327679300e-01 -7.397265878908250158e-01
6.191479847264419467e-01 2.623236821474777547e-01 -7.401635351689346276e-01
-6.533645023597894896e-01 -2.505763210871744806e-01 7.143712860736788350e-01
-6.628770604434266467e-01 -2.412325972111824535e-01 7.088023961448134402e-01
-6.729782973722713280e-01 -2.343540582018045770e-01 7.015542649505197570e-01
-6.869250070848444967e-01 -2.175374894415065263e-01 6.934057075976318707e-01
-7.107140288392364003e-01 -1.900860732604053027e-01 6.773129660382568584e-01
-7.400432977128813539e-01 -1.472926381251315198e-01 6.562322731048684243e-01
-7.229750619364037068e-01 -1.474110421895385437e-01 6.749644764420179577e-01
-6.967647917741546237e-01 -1.699451412659895577e-01 6.968769431571127937e-01
-6.867799411201468418e-01 -1.652555632972000921e-01 7.078304255076443008e-01
-6.720609575360663168e-01 -1.595917065508511978e-01 7.230937398124069881e-01
-6.618183081716603189e-01 -1.506788132435203931e-01 7.343653193120747158e-01
-6.427959845639000802e-01 -1.751269798540299183e-01 7.457505368122322453e-01
-6.388884219645686313e-01 -1.575052495945561681e-01 7.530031079814876183e-01
-6.349397158960693455e-01 -1.505152447250779624e-01 7.577576910089190987e-01
-6.143310362207846653e-01 -2.077489902448317605e-01 7.612080760134839474e-01
-5.890188887587937128e-01 -2.751307968815075999e-01 7.598419528380243593e-01
-5.821233752387239280e-01 -2.904488011437365569e-01 7.594549821515701460e-01
6.016189060811887312e-01 3.062314734335884747e-01 -7.377512972027681082e-01
6.212495273179600153e-01 3.071606330749220848e-01 -7.209031629117910178e-01
6.513939600939446795e-01 3.209246781989915087e-01 -6.875269156011291072e-01
6.709424459361423843e-01 3.406025476382977257e-01 -6.586547948535164121e-01
6.594312417728223075e-01 4.018451285933926642e-01 -6.353510289593565785e-01
6.374870845304149158e-01 4.221990512884893354e-01 -6.444828765359179590e-01
6.414945507104131694e-01 3.937605015999618985e-01 -6.583596348414684218e-01
6.353493298800184652e-01 3.923594727696699258e-01 -6.651204952103927370e-01
6.447183371933753460e-01 3.663103732288986447e-01 -6.709358957095037379e-01
6.642971490818678770e-01 3.529795435658262259e-01 -6.588738419043235206e-01
6.770819326874434330e-01 3.477385259104960324e-01 -6.485660907153810717e-01
6.932051927919578027e-01 3.431312549732071226e-01 -6.338197713441704462e-01
6.328907811735625666e-01 6.582722308783999221e-01 -4.075867136694867887e-01
1.199329431061322941e-02 9.959744153194898253e-01 8.883200392076746887e-02
4.330784811499810774e-03 9.969210260225760400e-01 7.829247841913775097e-02
2.174551560349792176e-02 9.993145070425447640e-01 2.996078379238805225e-02
8.068923298114204223e-02 9.958724722300198451e-01 -4.156039864321976057e-02
1.495766281664686892e-01 -9.869580804433978338e-01 -5.950277097609521504e-02
2.607015834106329866e-01 -9.457693989891516884e-01 -1.937909397853459781e-01
2.169829313709080443e-01 -9.579328777376565629e-01 -1.878377205008080753e-01
1.852453058598639291e-01 -9.687312157107572652e-01 -1.650575910536798974e-01
-1.683859277710371138e-01 9.742860957927997889e-01 1.497089939633227951e-01
-1.299790812312789368e-01 9.786592046904136755e-01 1.591590384395423774e-01
-6.451005699741409194e-02 9.804876451765033307e-01 1.856944538817077994e-01
-4.660125881388836599e-02 -9.843093177146862160e-01 -1.701866320749357842e-01
1.355062268047739216e-01 9.892447700521488363e-01 5.507129398882953941e-02
1.822133589753504312e-01 9.789152116144794746e-01 -9.232172160818358231e-02
3.057253895297197821e-01 9.310966415069016344e-01 -1.989749491053316166e-01
4.119558948642378926e-01 8.659499234516272459e-01 -2.835896168069727552e-01
5.956930103578624847e-01 7.060014795549909294e-01 -3.830296963382230913e-01
5.453916625536514573e-01 7.267882663888663997e-01 -4.175245504834779187e-01
6.069721165177731637e-01 6.633222890762479063e-01 -4.377081111706539462e-01
6.749936973620563885e-01 5.625292798153871399e-01 -4.774351451997247420e-01
7.111627393282112797e-01 4.920645865912496864e-01 -5.021155253664012497e-01
7.197153363856542141e-01 4.436328409210853474e-01 -5.340409507028198721e-01
-7.686158867586435628e-01 -2.557481632345347533e-01 5.863637911948400561e-01
-7.323024305680061463e-01 -3.239857054627615085e-01 5.989711285529438767e-01
7.757815749811015626e-01 1.971592069685413062e-01 -5.994090381595672534e-01
8.139715184296080208e-01 -2.608232218845434047e-02 -5.803189464894765726e-01
8.215416250286420308e-01 -1.599033357117798648e-01 -5.472661889551956316e-01
8.235713067721764924e-01 -1.605456031512415005e-01 -5.440178415919588728e-01
8.417592628347300154e-01 -1.145944139049750315e-01 -5.275504371467309994e-01
8.308215247395576153e-01 -2.498868340658957077e-01 -4.972847918345784657e-01
8.180298077694588832e-01 -2.918042822319801832e-01 -4.956586471269731065e-01
7.933496468012271041e-01 -2.661167513728852629e-01 -5.475200567642343197e-01
3.521464115171566434e-01 -9.109467871389369531e-01 -2.148693925547277561e-01
1.764930820765399089e-01 -9.842981154923020615e-01 2.722465321477824263e-03
2.121150996503439190e-01 -9.772430590194906008e-01 1.785524727637516785e-03
1.928309010197367390e-01 -9.805937241380788816e-01 3.538632211645710568e-02
2.111030968512956074e-01 -9.771993520257925558e-01 2.273563063044170898e-02
2.526100887090260150e-01 -9.667954964681142460e-01 -3.866020035372603331e-02
-2.801305344554948507e-01 9.550519303295843532e-01 9.696748960045062371e-02
-2.981249363496837335e-01 9.447351324528995287e-01 1.363710080467968599e-01
2.681600359884691032e-01 -9.475589665690277164e-01 -1.738453334815150964e-01
-2.142742416271035122e-01 9.337581824792186014e-01 2.866743902552792433e-01
-1.987877282313866845e-01 9.354494829069505135e-01 2.922630733324403929e-01
-2.068727013556829197e-01 9.430016347771457141e-01 2.606752812244251816e-01
-2.455020105088686899e-01 9.492978658876866094e-01 1.963729224134203866e-01
-2.936246948299994219e-01 9.445321034684084349e-01 1.471177898948101415e-01
-3.462222752703509321e-01 9.315575044517312442e-01 1.110439192674860520e-01
-3.800001547468679353e-01 9.204439584225981852e-01 9.155764192952219049e-02
-3.519848007792573119e-01 9.323062361856453428e-01 8.313712762504009424e-02
-3.008267967425664047e-01 9.509996826870970033e-01 7.143417872872499796e-02
3.002148888130293791e-01 -9.517843407470735206e-01 -6.306813175954306683e-02
2.966212494468843941e-01 -9.528974878623814870e-01 -6.326303819871283152e-02
2.838035124229007500e-01 -9.574408995265358824e-01 -5.255939735424967896e-02
2.779963639162790212e-01 -9.595632276106963454e-01 -4.423159353528444138e-02
-2.685935353498116185e-01 9.623625963314494935e-01 4.142156383432780281e-02
2.635434895362785412e-01 -9.639830291618181057e-01 -3.579872359521721337e-02
2.554371647961453107e-01 -9.664547663447001780e-01 -2.677759232116188812e-02
2.495390272701853984e-01 -9.681495670234497863e-01 -2.041297972752975295e-02
-2.541869655337011813e-01 9.669236831023451106e-01 2.115603007571870142e-02
-2.529666192238176348e-01 9.670808208023319308e-01 2.761477131464168400e-02
-2.481346048017167016e-01 9.682229675764798538e-01 3.120100891462707082e-02
-2.332005948656007410e-01 9.716213519007944610e-01 3.961604579968212858e-02
-2.203699440160192813e-01 9.744939065276513324e-01 4.241124750409409200e-02
