4.767707824707031250e+01 4.891382980346679688e+01 1.609395217895507812e+01
4.767439270019531250e+01 4.891166305541992188e+01 1.611200523376464844e+01
4.767113494873046875e+01 4.890896987915039062e+01 1.612951660156250000e+01
4.766868591308593750e+01 4.890594100952148438e+01 1.614701080322265625e+01
4.766427612304687500e+01 4.889995956420898438e+01 1.616459083557128906e+01
4.766135787963867188e+01 4.889768218994140625e+01 1.618151283264160156e+01
4.765715026855468750e+01 4.889482498168945312e+01 1.619806289672851562e+01
4.765369033813476562e+01 4.889207839965820312e+01 1.621587562561035156e+01
4.765028762817382812e+01 4.888872146606445312e+01 1.623278045654296875e+01
4.764677810668945312e+01 4.888631820678710938e+01 1.625033569335937500e+01
4.764459609985351562e+01 4.888304138183593750e+01 1.626717567443847656e+01
4.764196395874023438e+01 4.887966918945312500e+01 1.628496170043945312e+01
4.763949203491210938e+01 4.887777709960937500e+01 1.630075263977050781e+01
4.763718032836914062e+01 4.887438964843750000e+01 1.631727600097656250e+01
4.763415527343750000e+01 4.887176513671875000e+01 1.633465003967285156e+01
4.763256835937500000e+01 4.887064361572265625e+01 1.635257148742675781e+01
4.763018035888671875e+01 4.886840820312500000e+01 1.636910629272460938e+01
4.762740325927734375e+01 4.886634063720703125e+01 1.638627243041992188e+01
4.762498855590820312e+01 4.886339950561523438e+01 1.640307044982910156e+01
4.762402343750000000e+01 4.886046600341796875e+01 1.642066192626953125e+01
4.762222290039062500e+01 4.885939025878906250e+01 1.643867492675781250e+01
4.761989212036132812e+01 4.885867309570312500e+01 1.645655822753906250e+01
4.761579132080078125e+01 4.885908508300781250e+01 1.647423553466796875e+01
4.761026382446289062e+01 4.885838699340820312e+01 1.648974609375000000e+01
4.760639572143554688e+01 4.885800933837890625e+01 1.650534248352050781e+01
4.760511398315429688e+01 4.886007308959960938e+01 1.652268218994140625e+01
4.760324478149414062e+01 4.886307144165039062e+01 1.653993225097656250e+01
4.760107040405273438e+01 4.886808395385742188e+01 1.655850601196289062e+01
4.759850311279296875e+01 4.887199783325195312e+01 1.657488441467285156e+01
4.759564208984375000e+01 4.887313461303710938e+01 1.658847999572753906e+01
4.759375000000000000e+01 4.887359619140625000e+01 1.660077095031738281e+01
4.759189987182617188e+01 4.887292098999023438e+01 1.661225891113281250e+01
4.759086990356445312e+01 4.887165451049804688e+01 1.662434959411621094e+01
4.759049224853515625e+01 4.886968994140625000e+01 1.663714408874511719e+01
4.759060287475585938e+01 4.886939620971679688e+01 1.665040206909179688e+01
4.759120559692382812e+01 4.887166976928710938e+01 1.666534614562988281e+01
4.759220886230468750e+01 4.887508773803710938e+01 1.668008232116699219e+01
4.759376525878906250e+01 4.888004302978515625e+01 1.669538497924804688e+01
4.759452056884765625e+01 4.888495254516601562e+01 1.671139526367187500e+01
4.759498214721679688e+01 4.889004135131835938e+01 1.672909927368164062e+01
4.759621047973632812e+01 4.889252853393554688e+01 1.674767684936523438e+01
4.759630966186523438e+01 4.889096069335937500e+01 1.676555633544921875e+01
4.759434890747070312e+01 4.888698577880859375e+01 1.678187370300292969e+01
4.759321212768554688e+01 4.888361358642578125e+01 1.679745483398437500e+01
4.758967590332031250e+01 4.887904357910156250e+01 1.681152153015136719e+01
4.758544540405273438e+01 4.887631988525390625e+01 1.682478141784667969e+01
4.758151626586914062e+01 4.887372207641601562e+01 1.683844566345214844e+01
4.757801055908203125e+01 4.887109375000000000e+01 1.685259628295898438e+01
4.757600402832031250e+01 4.886965560913085938e+01 1.686660766601562500e+01
4.757539367675781250e+01 4.886842727661132812e+01 1.688145256042480469e+01
4.757572555541992188e+01 4.886772155761718750e+01 1.689728355407714844e+01
4.757587051391601562e+01 4.886683273315429688e+01 1.691350173950195312e+01
4.757580947875976562e+01 4.886602401733398438e+01 1.692986679077148438e+01
4.757497024536132812e+01 4.886451339721679688e+01 1.694512939453125000e+01
4.757392501831054688e+01 4.886328125000000000e+01 1.695973777770996094e+01
4.757233047485351562e+01 4.886219024658203125e+01 1.697424697875976562e+01
4.756969070434570312e+01 4.886082458496093750e+01 1.698971366882324219e+01
4.756618499755859375e+01 4.886040115356445312e+01 1.700558280944824219e+01
4.756291198730468750e+01 4.885941696166992188e+01 1.701936149597167969e+01
4.755939865112304688e+01 4.885757827758789062e+01 1.703264236450195312e+01
4.755672454833984375e+01 4.885509872436523438e+01 1.704682159423828125e+01
4.755359268188476562e+01 4.885233306884765625e+01 1.706134223937988281e+01
4.755059814453125000e+01 4.884955596923828125e+01 1.707529258728027344e+01
4.754773712158203125e+01 4.884794235229492188e+01 1.708956909179687500e+01
4.754401397705078125e+01 4.884632492065429688e+01 1.710389900207519531e+01
4.753951263427734375e+01 4.884572982788085938e+01 1.711919975280761719e+01
4.753538513183593750e+01 4.884679031372070312e+01 1.713459396362304688e+01
4.753146743774414062e+01 4.884564208984375000e+01 1.714999580383300781e+01
4.752786254882812500e+01 4.884358596801757812e+01 1.716544532775878906e+01
4.752281570434570312e+01 4.884037780761718750e+01 1.717979431152343750e+01
4.751799774169921875e+01 4.883699417114257812e+01 1.719382286071777344e+01
4.751190185546875000e+01 4.883257675170898438e+01 1.720744323730468750e+01
4.750611495971679688e+01 4.882886123657226562e+01 1.722086334228515625e+01
4.750161743164062500e+01 4.882674407958984375e+01 1.723439025878906250e+01
4.749821090698242188e+01 4.882517242431640625e+01 1.724861145019531250e+01
4.749639129638671875e+01 4.882516479492187500e+01 1.726417160034179688e+01
4.749459075927734375e+01 4.882505416870117188e+01 1.727990722656250000e+01
4.749343872070312500e+01 4.882490539550781250e+01 1.729590988159179688e+01
4.749296188354492188e+01 4.882497024536132812e+01 1.731181144714355469e+01
4.749093246459960938e+01 4.882515716552734375e+01 1.732790565490722656e+01
4.748880004882812500e+01 4.882654190063476562e+01 1.734461784362792969e+01
4.748594665527343750e+01 4.882733917236328125e+01 1.736157417297363281e+01
4.748274993896484375e+01 4.882825851440429688e+01 1.737831115722656250e+01
4.747880554199218750e+01 4.882814788818359375e+01 1.739471626281738281e+01
4.747535705566406250e+01 4.882784652709960938e+01 1.741037368774414062e+01
4.747202682495117188e+01 4.882827377319335938e+01 1.742633628845214844e+01
4.746948242187500000e+01 4.882860565185546875e+01 1.744418907165527344e+01
4.746714782714843750e+01 4.882826614379882812e+01 1.746191978454589844e+01
4.746460342407226562e+01 4.882727432250976562e+01 1.747897720336914062e+01
4.746207427978515625e+01 4.882626342773437500e+01 1.749530220031738281e+01
4.745979309082031250e+01 4.882518768310546875e+01 1.751219558715820312e+01
4.745726013183593750e+01 4.882396316528320312e+01 1.752882766723632812e+01
4.745386886596679688e+01 4.882189178466796875e+01 1.754501342773437500e+01
4.745129013061523438e+01 4.881952285766601562e+01 1.756078529357910156e+01
4.744997024536132812e+01 4.881616592407226562e+01 1.757739257812500000e+01
4.744870758056640625e+01 4.881184768676757812e+01 1.759610366821289062e+01
4.744767379760742188e+01 4.880775070190429688e+01 1.761458778381347656e+01
4.744766616821289062e+01 4.880421829223632812e+01 1.763211441040039062e+01
4.744624710083007812e+01 4.880150222778320312e+01 1.764901924133300781e+01
4.744494628906250000e+01 4.879970932006835938e+01 1.766468811035156250e+01
4.744385910034179688e+01 4.879853439331054688e+01 1.768138694763183594e+01
4.744224929809570312e+01 4.879732131958007812e+01 1.769922065734863281e+01
4.743888092041015625e+01 4.879412841796875000e+01 1.771770095825195312e+01
4.743449401855468750e+01 4.878989410400390625e+01 1.773633956909179688e+01
4.742820739746093750e+01 4.878695297241210938e+01 1.775420761108398438e+01
4.742207717895507812e+01 4.878410339355468750e+01 1.777156448364257812e+01
4.741595840454101562e+01 4.878330230712890625e+01 1.779045867919921875e+01
4.740874099731445312e+01 4.878258514404296875e+01 1.780882835388183594e+01
4.740100097656250000e+01 4.878184127807617188e+01 1.782677841186523438e+01
4.739257812500000000e+01 4.878168869018554688e+01 1.784525489807128906e+01
4.738496780395507812e+01 4.878299713134765625e+01 1.786596298217773438e+01
4.737831497192382812e+01 4.878471374511718750e+01 1.788692474365234375e+01
4.737191772460937500e+01 4.878866577148437500e+01 1.790985107421875000e+01
4.736615753173828125e+01 4.879284667968750000e+01 1.793337631225585938e+01
4.736212921142578125e+01 4.879940032958984375e+01 1.795895957946777344e+01
4.735774993896484375e+01 4.880500793457031250e+01 1.798528289794921875e+01
4.735462188720703125e+01 4.881197357177734375e+01 1.801375198364257812e+01
4.735139083862304688e+01 4.881711959838867188e+01 1.804143714904785156e+01
4.734896087646484375e+01 4.882211685180664062e+01 1.806798553466796875e+01
4.734713745117187500e+01 4.882785034179687500e+01 1.809542274475097656e+01
4.734538269042968750e+01 4.883451080322265625e+01 1.812287139892578125e+01
4.734236145019531250e+01 4.884022521972656250e+01 1.815097045898437500e+01
4.733835220336914062e+01 4.884516143798828125e+01 1.817972564697265625e+01
4.733660888671875000e+01 4.885100555419921875e+01 1.820951461791992188e+01
4.733527374267578125e+01 4.885551452636718750e+01 1.824000549316406250e+01
4.733588409423828125e+01 4.885939788818359375e+01 1.827136039733886719e+01
4.733702850341796875e+01 4.886063766479492188e+01 1.830298995971679688e+01
4.733686065673828125e+01 4.885877609252929688e+01 1.833258247375488281e+01
4.733377075195312500e+01 4.885803985595703125e+01 1.836016654968261719e+01
4.732931137084960938e+01 4.885991287231445312e+01 1.838863563537597656e+01
4.732289123535156250e+01 4.886389541625976562e+01 1.841738700866699219e+01
4.731507492065429688e+01 4.886949539184570312e+01 1.844557952880859375e+01
4.730781555175781250e+01 4.887499618530273438e+01 1.847452354431152344e+01
4.730217742919921875e+01 4.888072586059570312e+01 1.850618171691894531e+01
4.729735565185546875e+01 4.888382720947265625e+01 1.853768920898437500e+01
4.729092407226562500e+01 4.888650131225585938e+01 1.856793403625488281e+01
4.728416061401367188e+01 4.888902282714843750e+01 1.859882354736328125e+01
4.727668762207031250e+01 4.889299011230468750e+01 1.863060379028320312e+01
4.726936340332031250e+01 4.889715576171875000e+01 1.866382217407226562e+01
4.726250457763671875e+01 4.890079498291015625e+01 1.869825363159179688e+01
4.725620651245117188e+01 4.890438079833984375e+01 1.873315048217773438e+01
4.725088882446289062e+01 4.890739822387695312e+01 1.876908874511718750e+01
4.724616622924804688e+01 4.891154098510742188e+01 1.880571937561035156e+01
4.724357604980468750e+01 4.891658020019531250e+01 1.884371757507324219e+01
4.724286270141601562e+01 4.892168045043945312e+01 1.888213348388671875e+01
4.724413681030273438e+01 4.892551040649414062e+01 1.892004394531250000e+01
4.724578475952148438e+01 4.892924880981445312e+01 1.895709609985351562e+01
4.724671936035156250e+01 4.893330383300781250e+01 1.899286842346191406e+01
4.724731063842773438e+01 4.893786239624023438e+01 1.902781486511230469e+01
4.724781036376953125e+01 4.894276428222656250e+01 1.906215286254882812e+01
4.724855041503906250e+01 4.894798278808593750e+01 1.909633064270019531e+01
4.724952316284179688e+01 4.895316314697265625e+01 1.912987709045410156e+01
4.725043106079101562e+01 4.895917129516601562e+01 1.916327476501464844e+01
4.725204086303710938e+01 4.896567535400390625e+01 1.919637870788574219e+01
4.725397872924804688e+01 4.897237014770507812e+01 1.922943878173828125e+01
4.725600051879882812e+01 4.897856903076171875e+01 1.926171493530273438e+01
4.725822067260742188e+01 4.898524475097656250e+01 1.929364967346191406e+01
4.726057815551757812e+01 4.899222946166992188e+01 1.932515907287597656e+01
4.726305770874023438e+01 4.899901199340820312e+01 1.935626983642578125e+01
4.726596832275390625e+01 4.900668716430664062e+01 1.938719940185546875e+01
4.726950073242187500e+01 4.901386260986328125e+01 1.941794586181640625e+01
4.727360534667968750e+01 4.902109527587890625e+01 1.944872474670410156e+01
4.727841186523437500e+01 4.902750778198242188e+01 1.947900962829589844e+01
4.728328704833984375e+01 4.903427505493164062e+01 1.950917434692382812e+01
4.728861618041992188e+01 4.904098129272460938e+01 1.953907203674316406e+01
4.729397964477539062e+01 4.904766845703125000e+01 1.956864738464355469e+01
4.730004882812500000e+01 4.905479431152343750e+01 1.959874916076660156e+01
4.730633544921875000e+01 4.906203460693359375e+01 1.962876892089843750e+01
4.731317520141601562e+01 4.906978607177734375e+01 1.965865516662597656e+01
4.732066726684570312e+01 4.907764053344726562e+01 1.968851661682128906e+01
4.732834625244140625e+01 4.908532333374023438e+01 1.971781921386718750e+01
4.733637237548828125e+01 4.909326171875000000e+01 1.974677276611328125e+01
4.734444046020507812e+01 4.910120391845703125e+01 1.977506637573242188e+01
4.735308837890625000e+01 4.910940933227539062e+01 1.980303192138671875e+01
4.736236190795898438e+01 4.911792755126953125e+01 1.983091735839843750e+01
4.737222671508789062e+01 4.912613296508789062e+01 1.985868453979492188e+01
4.738219070434570312e+01 4.913418960571289062e+01 1.988599205017089844e+01
4.739236068725585938e+01 4.914332199096679688e+01 1.991246223449707031e+01
4.740302658081054688e+01 4.915282821655273438e+01 1.993855667114257812e+01
4.741431427001953125e+01 4.916247177124023438e+01 1.996430206298828125e+01
4.742602539062500000e+01 4.917223358154296875e+01 1.998953247070312500e+01
4.743828964233398438e+01 4.918180847167968750e+01 2.001412773132324219e+01
4.745061111450195312e+01 4.919161224365234375e+01 2.003794097900390625e+01
4.746308135986328125e+01 4.920150375366210938e+01 2.006078147888183594e+01
4.747589874267578125e+01 4.921170425415039062e+01 2.008257102966308594e+01
4.748915863037109375e+01 4.922185134887695312e+01 2.010354423522949219e+01
4.750197601318359375e+01 4.923129653930664062e+01 2.012323379516601562e+01
4.751408386230468750e+01 4.924105072021484375e+01 2.014144325256347656e+01
4.752559280395507812e+01 4.925038528442382812e+01 2.015865516662597656e+01
4.753625869750976562e+01 4.925944900512695312e+01 2.017536926269531250e+01
4.754617691040039062e+01 4.926816177368164062e+01 2.019154167175292969e+01
4.755506515502929688e+01 4.927651596069335938e+01 2.020737075805664062e+01
4.756329727172851562e+01 4.928461837768554688e+01 2.022332954406738281e+01
4.757098007202148438e+01 4.929193496704101562e+01 2.023934745788574219e+01
4.757777404785156250e+01 4.929934310913085938e+01 2.025535583496093750e+01
4.758405685424804688e+01 4.930707550048828125e+01 2.027143669128417969e+01
4.759014511108398438e+01 4.931433486938476562e+01 2.028777503967285156e+01
4.759587860107421875e+01 4.932141113281250000e+01 2.030436706542968750e+01
4.760110092163085938e+01 4.932836151123046875e+01 2.032088661193847656e+01
4.760614395141601562e+01 4.933514404296875000e+01 2.033740043640136719e+01
