6.142008583992719650e-03
6.806263700127601624e-03
7.258232217282056808e-03
8.068232797086238861e-03
9.916132315993309021e-03
1.137277577072381973e-02
1.278029289096593857e-02
1.423652004450559616e-02
1.565501466393470764e-02
1.647315546870231628e-02
1.688210666179656982e-02
1.709805428981781006e-02
1.750125177204608917e-02
1.744856685400009155e-02
1.771521754562854767e-02
1.862767525017261505e-02
1.931370794773101807e-02
2.076710574328899384e-02
2.241180464625358582e-02
2.460904605686664581e-02
2.769454941153526306e-02
3.138880431652069092e-02
3.487326204776763916e-02
3.637229651212692261e-02
3.784323856234550476e-02
3.961835429072380066e-02
4.062015190720558167e-02
4.133187979459762573e-02
4.266615211963653564e-02
4.477536678314208984e-02
4.637440294027328491e-02
4.796131327748298645e-02
4.937572404742240906e-02
5.108143016695976257e-02
5.252664163708686829e-02
5.427034199237823486e-02
5.608671531081199646e-02
5.913483723998069763e-02
6.118865311145782471e-02
6.254663318395614624e-02
6.373380869626998901e-02
6.489727646112442017e-02
6.607165932655334473e-02
6.720872968435287476e-02
6.815237551927566528e-02
6.884139031171798706e-02
6.947786360979080200e-02
6.992254406213760376e-02
7.070749253034591675e-02
7.181672751903533936e-02
7.272233814001083374e-02
7.434953749179840088e-02
7.563307881355285645e-02
7.649537175893783569e-02
7.765648514032363892e-02
7.846349477767944336e-02
7.962009310722351074e-02
8.051320910453796387e-02
8.140160143375396729e-02
8.282999694347381592e-02
8.457130938768386841e-02
8.580207824707031250e-02
8.695574104785919189e-02
8.805309236049652100e-02
8.936800807714462280e-02
9.024237841367721558e-02
9.094417095184326172e-02
9.230141341686248779e-02
9.366049617528915405e-02
9.458538144826889038e-02
9.509208053350448608e-02
9.553829580545425415e-02
9.581375122070312500e-02
9.672731161117553711e-02
9.783737361431121826e-02
9.853145480155944824e-02
9.910605102777481079e-02
9.925099462270736694e-02
9.920696914196014404e-02
9.917259961366653442e-02
9.918794035911560059e-02
9.931116551160812378e-02
9.969047456979751587e-02
1.000743731856346130e-01
1.005301028490066528e-01
1.010895743966102600e-01
1.017587259411811829e-01
1.028006300330162048e-01
1.048342883586883545e-01
1.062279194593429565e-01
1.069850772619247437e-01
1.080306321382522583e-01
1.091662794351577759e-01
1.105822473764419556e-01
1.131884977221488953e-01
1.169650703668594360e-01
1.217329576611518860e-01
1.252149790525436401e-01
1.279292553663253784e-01
1.300026923418045044e-01
1.322507560253143311e-01
1.343548446893692017e-01
1.378471404314041138e-01
1.414994597434997559e-01
1.430607438087463379e-01
1.452009975910186768e-01
1.464646756649017334e-01
1.475132107734680176e-01
1.479738950729370117e-01
1.482408046722412109e-01
1.485020071268081665e-01
1.485811471939086914e-01
1.489998847246170044e-01
1.492773294448852539e-01
1.491789370775222778e-01
1.485526412725448608e-01
1.475824564695358276e-01
1.465156674385070801e-01
1.453879773616790771e-01
1.449064761400222778e-01
1.442429870367050171e-01
1.431854814291000366e-01
1.419969201087951660e-01
1.410516351461410522e-01
1.399281024932861328e-01
1.392778158187866211e-01
1.390375345945358276e-01
1.388224363327026367e-01
1.382490396499633789e-01
1.380210220813751221e-01
1.381793022155761719e-01
1.383985430002212524e-01
1.382639110088348389e-01
1.383539289236068726e-01
1.389292925596237183e-01
1.394831091165542603e-01
1.405777633190155029e-01
1.437066942453384399e-01
1.496982872486114502e-01
1.518054902553558350e-01
1.523964256048202515e-01
1.527087092399597168e-01
1.527800112962722778e-01
1.526851207017898560e-01
1.525572091341018677e-01
1.520736068487167358e-01
1.506308317184448242e-01
1.481236219406127930e-01
1.435985267162322998e-01
1.411310583353042603e-01
1.401056349277496338e-01
1.392713636159896851e-01
1.385733783245086670e-01
1.378932744264602661e-01
1.375857144594192505e-01
1.369314938783645630e-01
1.362382024526596069e-01
1.356250196695327759e-01
1.349189281463623047e-01
1.342727839946746826e-01
1.334587335586547852e-01
1.328562349081039429e-01
1.323164254426956177e-01
1.318446397781372070e-01
1.313657164573669434e-01
1.306813657283782959e-01
1.301480084657669067e-01
1.296640038490295410e-01
1.291096508502960205e-01
1.289732009172439575e-01
1.286893486976623535e-01
1.283419132232666016e-01
1.280978173017501831e-01
1.280545890331268311e-01
1.282440423965454102e-01
1.284710168838500977e-01
1.288412213325500488e-01
1.309073120355606079e-01
1.388920247554779053e-01
1.405722945928573608e-01
1.412666589021682739e-01
1.417121589183807373e-01
1.418907195329666138e-01
1.419312059879302979e-01
1.416215151548385620e-01
1.410488933324813843e-01
1.404612213373184204e-01
1.397000551223754883e-01
1.390474289655685425e-01
1.384348422288894653e-01
1.377744823694229126e-01
1.371641159057617188e-01
1.364106088876724243e-01
1.355809420347213745e-01
1.348010450601577759e-01
1.339293867349624634e-01
1.329764127731323242e-01
1.322092413902282715e-01
1.324670165777206421e-01
1.332908272743225098e-01
