2.220446049250313081e-16
8.490490077905255006e-03
1.712534571572055242e-02
2.590723950331286218e-02
3.483996062799921134e-02
4.392524554890542277e-02
5.316703567040437228e-02
6.256714754059622408e-02
7.212967179648077654e-02
8.185768230102508092e-02
9.175431296177904983e-02
1.018215342158426129e-01
1.120650221231762611e-01
1.224881525049723585e-01
1.330918391307009951e-01
1.438833777710719630e-01
1.548624416891437594e-01
1.660366230765559781e-01
1.774069737877250752e-01
1.889786523812273522e-01
2.007555154820122034e-01
2.127415519088602380e-01
2.249422819648438931e-01
2.373603707935292295e-01
2.500000098435708473e-01
2.628670389429443865e-01
2.759626521661096010e-01
2.892944778459498600e-01
3.028637041045421086e-01
3.166730394307499807e-01
3.307286562046036771e-01
3.450315250867743710e-01
3.595878935624281514e-01
3.744023178003870189e-01
3.894736354255246003e-01
4.048100724583245658e-01
4.204121775140128303e-01
4.362863416511049142e-01
4.524328261787022853e-01
4.688580095306200679e-01
4.855618320909116381e-01
5.025505819634275007e-01
5.198261337969289908e-01
5.373901074704889869e-01
5.552486589024052677e-01
5.734007279087616205e-01
5.918497381995710960e-01
6.106016356828560809e-01
6.296518535218458279e-01
6.490058156968532277e-01
6.686662969044632199e-01
6.886329698886382022e-01
7.089051057523190202e-01
7.294874285867050112e-01
7.503754664307680233e-01
7.715702011480265465e-01
7.930722973172499302e-01
8.148787543012578904e-01
8.369892588664760158e-01
8.594030954273714773e-01
8.821155864994947304e-01
9.051211600762274490e-01
9.284171561218146351e-01
9.520003287653648893e-01
9.758628711635120023e-01
1.000000007746524311e+00
1.024406242894291275e+00
1.049075365027572815e+00
1.074017547418018026e+00
1.099230647180539755e+00
1.124721142662083118e+00
1.150482156775925358e+00
1.176520140354905930e+00
1.202832419432440680e+00
1.229430734751117082e+00
1.256307513552698207e+00
1.283469980433576296e+00
1.310915164629765428e+00
1.338650647821398643e+00
1.366673451670362915e+00
1.394985868714504473e+00
1.423596135632127169e+00
1.452501188277883770e+00
1.481703652483864264e+00
1.511199957676991446e+00
1.541005481786873688e+00
1.571117109725240990e+00
1.601538051348361247e+00
1.632264734673275708e+00
1.663307369022154703e+00
1.694662417895117290e+00
1.726340828174762532e+00
1.758346777041939646e+00
1.790676908270975698e+00
1.823335453137069795e+00
1.856326783081690746e+00
1.889663980531919307e+00
1.923335551906468766e+00
1.957363690150232927e+00
1.991736846381302328e+00
2.026478665163874648e+00
2.061577524662303151e+00
2.097049146907556505e+00
2.132890973304532256e+00
2.169120097674119840e+00
2.205744712326490831e+00
2.242762987143712028e+00
2.280183442470391952e+00
2.318026182082086439e+00
2.356290368756749576e+00
2.394986314597225441e+00
2.434124924622227404e+00
2.473717877876981053e+00
2.513777534443883077e+00
2.554317091855955457e+00
2.595350523976376333e+00
2.636879432708223003e+00
2.678932251066753256e+00
2.721525706620647966e+00
2.764663364074126051e+00
2.808363171849403983e+00
2.852658924839871268e+00
2.897556646876223052e+00
2.943093302242970388e+00
2.989260945211972498e+00
3.036115191883217435e+00
3.083649507069017304e+00
3.131924081592003084e+00
3.180934110584038521e+00
3.230726959827617151e+00
3.281335102923528702e+00
3.332774440754501022e+00
3.385099469775076031e+00
3.438349133614591935e+00
3.492524471862356705e+00
3.547728426963669968e+00
3.603945621971634594e+00
3.661265814932622042e+00
3.719697226130442402e+00
3.779337984613559520e+00
3.840224230631627655e+00
3.902417425760056346e+00
3.965958388642016885e+00
4.030940283149334391e+00
4.097437546018228183e+00
4.165529410651850561e+00
4.235273207336907042e+00
4.306785302308998808e+00
4.380133338305000734e+00
4.455418345955008519e+00
4.532778996927541826e+00
4.612302175079499023e+00
4.694112317516260902e+00
4.778342775886970983e+00
4.865102683080148260e+00
4.954613959586531280e+00
5.047009492597454461e+00
5.142430707341300256e+00
5.241106467441137617e+00
5.343245768610724866e+00
5.449033323526383477e+00
5.558753352458426278e+00
5.672627597317072556e+00
5.790987035475906097e+00
5.914051448539347611e+00
6.042253538547795344e+00
6.175917639154910432e+00
6.315342488071807203e+00
6.460960566325833376e+00
6.613131176697827129e+00
6.772302625375288265e+00
6.938839194472349980e+00
7.113392826426199633e+00
7.296483160639624543e+00
7.488676169549176365e+00
7.690589005617393781e+00
7.903054641861274376e+00
8.126918941618649583e+00
8.362945221105677618e+00
8.612242182919903399e+00
8.875762929135159851e+00
9.154964848308591030e+00
9.451057188708054113e+00
9.765653318814534245e+00
1.010046704824826946e+01
1.045747054273775767e+01
1.083891503688250602e+01
1.124732249069933587e+01
1.168559019628206030e+01
1.215708113157307935e+01
1.266562681425675585e+01
1.321571216171975394e+01
1.381257660096406603e+01
1.446235539756069244e+01
1.517230634636659303e+01
1.595107757914771796e+01
1.680912195665760223e+01
1.775905125988521149e+01
1.881630290206155465e+01
