2.336739104142736778e+02
2.332302259388505092e+02
2.327190133046532310e+02
2.321449750378641852e+02
2.315761012091177804e+02
2.305036268052405148e+02
2.296571807533558456e+02
2.292696672422212885e+02
2.289418481275106672e+02
2.282946863103442183e+02
2.276280061390875744e+02
2.270306983055100432e+02
2.265261955886809062e+02
2.259820937724221039e+02
2.253377377920323283e+02
2.246242750446856178e+02
2.240212726837447406e+02
2.233532441800704191e+02
2.229133516818227463e+02
2.235945063617549522e+02
2.240315329263320052e+02
2.238710163258490979e+02
2.229558889392974095e+02
2.216563194754213555e+02
2.204591007048379083e+02
2.190848796206820737e+02
2.178229626818803126e+02
2.169396937685883415e+02
2.159211991418096375e+02
2.147687961879564114e+02
2.133263265949144341e+02
2.113961888668152653e+02
2.089078292259621321e+02
2.054492173835920994e+02
2.013116449832504600e+02
1.989281519022302120e+02
1.968879288433617489e+02
1.947957708715495926e+02
1.920796020889347915e+02
1.898086659397612266e+02
1.870657290797679195e+02
1.845247077838616008e+02
1.813470348046140259e+02
1.778464242508892141e+02
1.717983438953054076e+02
1.682280089103544185e+02
1.656241296546083390e+02
1.631507214456403290e+02
1.607019746059959289e+02
1.576771861362356049e+02
7.531282832473605993e+01
7.355799012288844096e+01
7.228763886669862870e+01
7.109705335515430136e+01
7.007783565320453079e+01
6.913790525432774814e+01
6.817706375937329710e+01
6.732687523710397670e+01
6.644898463935977873e+01
6.565866560485963532e+01
6.488455224447650949e+01
6.408942427649004969e+01
6.336439420636585140e+01
6.257035607637946839e+01
6.178378377355192441e+01
6.100046579384499523e+01
6.028263437751370191e+01
5.949340047391943642e+01
5.882668280251716197e+01
5.818229093270694108e+01
5.760543840374393199e+01
5.698938841133684008e+01
5.638030825130446999e+01
5.578783057967440584e+01
5.528339555750876144e+01
5.481551100938811061e+01
5.437369923388407500e+01
5.329961572830290351e+01
5.272506427530657191e+01
5.207121008843675014e+01
5.136613176288109628e+01
5.063934510463683125e+01
5.018946141891257895e+01
4.948617981995813864e+01
4.863483181142611045e+01
4.804110325844212781e+01
4.738161682983178480e+01
4.658323059178656678e+01
4.556615532937164659e+01
4.372432948427446320e+01
4.228520759469910928e+01
3.881008484895702537e+01
3.590858702026180538e+01
3.470532572026683482e+01
3.389692548788128335e+01
3.328574203552101807e+01
3.283778939178549905e+01
3.247274914701182524e+01
3.205798975498465353e+01
3.159324040850543014e+01
3.124195870157083377e+01
3.099324718237181386e+01
3.079457552538519494e+01
3.060735374640590578e+01
3.050647374849041071e+01
3.046392511687581361e+01
3.048593420524292341e+01
3.048210659548531254e+01
3.066820246188991206e+01
3.056222432791083676e+01
3.049151808149686360e+01
3.048329376974005811e+01
3.017516588699078284e+01
2.983910026180629060e+01
2.992854537463986375e+01
3.082414781091666356e+01
3.205814824072038505e+01
3.232599150823543255e+01
3.301364213715195461e+01
3.189901984460963291e+01
3.139603477385399444e+01
3.013815026280271780e+01
3.016653984077856521e+01
2.771636824671014665e+01
2.534917019251884440e+01
2.446570163643108842e+01
2.402792562692680889e+01
2.375230389660492847e+01
2.352441239453586874e+01
2.331117230076474911e+01
2.305372559223772555e+01
2.272351410615179645e+01
2.232219423898589383e+01
2.187528115653162075e+01
2.137708583114551075e+01
2.079555377627867685e+01
2.022085278337177883e+01
1.947343834592551204e+01
1.880621348033692897e+01
1.836456319566286766e+01
1.788696304447760355e+01
1.742148678980973742e+01
1.694824676973587074e+01
1.649055696235422985e+01
1.603459055976455261e+01
1.548559295982825113e+01
1.473795421062912325e+01
1.397514299089287171e+01
1.333915251092293097e+01
1.250886511346450547e+01
1.198392807056782061e+01
1.133478171718309291e+01
1.110963473757646014e+01
1.081522478747651306e+01
1.050389782957937435e+01
1.019766431335027690e+01
9.924541010363341798e+00
9.648889023645345731e+00
9.355009744029091578e+00
9.067799770908596457e+00
8.737222609712546273e+00
8.309715904572652079e+00
7.584509005087880951e+00
7.064761593306326581e+00
6.757685269890819413e+00
6.454401473807513945e+00
6.226826032379101150e+00
5.915573675193446235e+00
5.558211000088162379e+00
5.294288633766416119e+00
5.033687747627184628e+00
4.830801859316159685e+00
4.649584184705811474e+00
4.434306238061370919e+00
4.194728867584616161e+00
3.944911067101184443e+00
3.713044460380817924e+00
3.479277716796818076e+00
3.272659395601869470e+00
3.019293195975288668e+00
2.759628917619247890e+00
2.576468103695459089e+00
2.441575489211706529e+00
2.314260522847474189e+00
2.239266062366564114e+00
2.120724939171268808e+00
1.970355621943519431e+00
1.790368575203530987e+00
1.616548966008862109e+00
1.334135551738844461e+00
1.153704569925234846e+00
1.051401724039271457e+00
9.533170887389240677e-01
8.396809630870125662e-01
7.197049627190273968e-01
5.856403787750282808e-01
4.697171111323441561e-01
