2.174019391371011807e+02
2.184518142106179255e+02
2.199729323041717919e+02
2.207818262705806376e+02
2.212404080212874646e+02
2.213101546437269462e+02
2.211282320204119856e+02
2.208002163447096962e+02
2.201886892756315603e+02
2.192461693589788752e+02
2.181311483649073750e+02
2.166666403104616165e+02
2.151817449222111520e+02
2.136264606078497366e+02
2.117287348333936734e+02
2.092167991685919617e+02
2.052031109313698494e+02
2.008843544112027928e+02
1.956163738306491666e+02
1.864534323698828757e+02
1.794283613978727203e+02
1.755167702238440768e+02
1.714828130874062708e+02
1.689743263694782627e+02
1.670559427672400545e+02
1.652312961238849596e+02
1.637298898730490180e+02
1.622575375945711471e+02
1.610506107731690690e+02
1.598728604114297696e+02
1.587268815434479450e+02
1.576821609983490760e+02
1.567100591164324044e+02
1.556944473830005506e+02
1.546330134817664259e+02
1.530665327068610111e+02
1.518342588626362897e+02
1.508390629762321851e+02
1.506501678397530100e+02
1.500349204276308512e+02
1.493718166341183178e+02
1.487904781123802707e+02
1.480895546387779973e+02
1.469981430194163181e+02
1.455222515422734375e+02
1.440525725919386844e+02
1.425371738804874155e+02
1.409025445666811152e+02
9.656131772241182887e+01
9.609635547578152170e+01
9.566336554600071906e+01
9.531184450514246009e+01
9.492547671125807085e+01
9.482081797309463411e+01
9.502087703512242456e+01
9.527051642009192278e+01
9.679300784777721844e+01
9.965859651060777935e+01
9.949692982597066759e+01
9.887211393802998316e+01
9.791591040811862001e+01
9.659191612061617604e+01
9.477031191386841158e+01
9.254683808329536987e+01
8.988536828962726588e+01
8.407171018443357013e+01
8.065275925181995831e+01
7.797283211937643443e+01
7.546659491782151008e+01
7.172557590424388252e+01
6.985813434624574825e+01
6.888362697994882922e+01
6.832187458062274743e+01
6.756880096338333885e+01
6.667057715834323517e+01
6.543528319562224738e+01
6.405686431412442516e+01
6.244751912400324301e+01
6.049559405028211501e+01
5.821154648672339249e+01
5.484280093607867457e+01
5.197793839106735447e+01
5.033073097269808471e+01
4.921704325083996423e+01
4.827404216573333429e+01
4.744987480965188098e+01
4.671313138514360475e+01
4.587369038488203898e+01
4.510750354261132600e+01
4.428469189760522084e+01
4.356783721126474518e+01
4.284174259265710560e+01
4.206471747705849396e+01
4.125233812931208632e+01
4.020853731888984584e+01
3.937111421047929838e+01
3.858384188432597739e+01
3.777960098934363486e+01
3.687185872668185027e+01
3.557969811551146933e+01
3.379253787079088767e+01
3.281333686580765630e+01
3.169933895578918381e+01
3.090668373884756548e+01
3.026620818784667932e+01
2.965500114059361181e+01
2.907943055511801944e+01
2.854218352205215226e+01
2.794183827088479433e+01
2.721530097320367858e+01
2.654585336291651387e+01
2.602056747060306208e+01
2.557182568416330426e+01
2.517568269605942888e+01
2.480671821861716353e+01
2.446751018341777240e+01
2.416881711340917249e+01
2.382952609222470386e+01
2.346752505114411491e+01
2.311870111139613471e+01
2.277521952314303633e+01
2.246744255504768617e+01
2.216951213370982288e+01
2.195500669752759748e+01
2.170941680981615463e+01
2.146091146150871509e+01
2.117608861602897719e+01
2.092907680010407390e+01
2.067580987458689989e+01
2.041850839008066387e+01
2.013905663096820575e+01
1.982270190907565777e+01
1.949213165175963525e+01
1.918765838156424408e+01
1.884160671970321133e+01
1.854523500052346208e+01
1.825180395216991158e+01
1.792108197917389489e+01
1.752800436185972188e+01
1.701629201137956571e+01
1.635002722690004262e+01
1.586375252143607639e+01
1.545780120934782964e+01
1.507739062497679861e+01
1.469747977702266439e+01
1.435251099326171342e+01
1.398492014072685130e+01
1.359989849879825030e+01
1.312771451608839790e+01
1.251955956838931705e+01
1.163098141218594250e+01
1.061756024363988971e+01
1.013127804904067730e+01
9.831658616636158143e+00
9.607549127651603627e+00
9.396656925449011766e+00
9.180760896848431329e+00
8.922925741679314626e+00
8.710587659172206898e+00
8.499804009672113025e+00
8.316714585020042350e+00
8.126047212444554191e+00
7.931664870121577060e+00
7.744467549471361956e+00
7.534277575114952441e+00
7.425591131143044699e+00
7.280638015156720932e+00
7.113870349746335364e+00
6.980424811597217172e+00
6.867876697835775701e+00
6.693549445603574455e+00
6.524662439989781682e+00
6.366807873500154535e+00
6.177759600850659893e+00
5.944999132200160297e+00
5.700034692908051426e+00
5.443782228317650684e+00
5.092897152759777057e+00
4.611570778306370855e+00
4.097277091783156244e+00
3.755959835998618601e+00
3.454932443565569944e+00
3.206882053591312953e+00
3.002768102071694312e+00
2.860732738599629954e+00
2.514633918463912376e+00
2.309607883428064223e+00
2.209510654585951084e+00
2.045831569233589775e+00
1.857484153908733893e+00
1.607295723172968982e+00
1.316826296831260512e+00
1.047927291711712838e+00
7.982763716864627046e-01
6.724156813303571179e-01
5.258209572481249428e-01
