1.966811675879039285e+02
1.938199433820550723e+02
1.918005512438519986e+02
1.912621497785971769e+02
1.909700244891928378e+02
1.905400931102474544e+02
1.899607625736688306e+02
1.894324069789370526e+02
1.887798807514196540e+02
1.879148791512818661e+02
1.871039724351865345e+02
1.862148113212440705e+02
1.853655016228506724e+02
1.846448456567628398e+02
1.836822056562618855e+02
1.826879917253702956e+02
1.813469057730856662e+02
1.795578160075754681e+02
1.776000259529922971e+02
1.753186553371748744e+02
1.727458640647610082e+02
1.689941088986068678e+02
1.576924113132169225e+02
1.536459597834323176e+02
1.516553234435995421e+02
1.498449410250748315e+02
1.480879422421774905e+02
1.466061272405814577e+02
1.453556903374094418e+02
1.442205589285143503e+02
1.430120011368049404e+02
1.416409260443720086e+02
1.407261004698460169e+02
1.397288749792982401e+02
1.387796756865054135e+02
1.379834313383178142e+02
1.369653164974976391e+02
1.359362370058784677e+02
1.349734656320698036e+02
1.340694099259034999e+02
1.333704987468255183e+02
1.324970764396938421e+02
1.316765443116813401e+02
1.307607301589399356e+02
1.299170124457709790e+02
1.290317272849686674e+02
1.278213878044337264e+02
1.269562785263007498e+02
1.261041872004811921e+02
1.253706650429288487e+02
1.248002968449739427e+02
1.254807870626908226e+02
1.278995127452360521e+02
1.285165264515433989e+02
1.281991493190317897e+02
8.210800309741996728e+01
8.145890834833858207e+01
8.077873685283569216e+01
8.014731736055914268e+01
7.971826192388124355e+01
7.893539304360415088e+01
7.835778431453536541e+01
7.792296123378294226e+01
7.771094340636577158e+01
7.701257356994447889e+01
7.620187642179323007e+01
7.553096204814646342e+01
7.475326607616898400e+01
7.413367537684577258e+01
7.344219365581615477e+01
7.242499051933911858e+01
7.103892380411687668e+01
7.001555926851416700e+01
6.895130068167601678e+01
6.802687817038045637e+01
6.745101878639999882e+01
6.659285134541444506e+01
6.572022665748481529e+01
6.442675490530655225e+01
6.335711436371803984e+01
6.238375750274889242e+01
6.126205135385132650e+01
5.989634803469525082e+01
5.792121538468450836e+01
5.614997523134510260e+01
5.500874415310060073e+01
5.420310586298985811e+01
5.349577898427131828e+01
5.286780918611574265e+01
5.215860972950388685e+01
5.155401851572392502e+01
5.100043444685579175e+01
5.036629275837895392e+01
4.975234427065751674e+01
4.914264810781279635e+01
4.858847428305468696e+01
4.806053619883265071e+01
4.745687959149142898e+01
4.680393336158844164e+01
4.608238531244255398e+01
4.546151718485094761e+01
4.482206148371850674e+01
4.413800583985196369e+01
4.341145010496075685e+01
4.256620559506810508e+01
4.189821514597135632e+01
4.131013152408890221e+01
4.062393479930187112e+01
4.006926063423393458e+01
3.952945046742659230e+01
3.904699473910963547e+01
3.858646354760693242e+01
3.814282772552384415e+01
3.767994977604134732e+01
3.725721953644841733e+01
3.682206201533563217e+01
3.635186439651882750e+01
3.582365810683396035e+01
3.530183333255105538e+01
3.479613080956328020e+01
3.420709595075246057e+01
3.369241542907157339e+01
3.316557696233656571e+01
3.256290987099156808e+01
3.195375307660742337e+01
3.134917675825315442e+01
3.043453767329337367e+01
2.970767554204320504e+01
2.919151197448380941e+01
2.871862585561173731e+01
2.823468724618791370e+01
2.769961097031828956e+01
2.714780901561315929e+01
2.647285340011437071e+01
2.582055656455297665e+01
2.515121164344351712e+01
2.455013931967977925e+01
2.403874779931078720e+01
2.353445282201722222e+01
2.306292607991168708e+01
2.258672624129607698e+01
2.204949777912542430e+01
2.155512964438362999e+01
2.111199101750402818e+01
2.073831411605698705e+01
2.041858733562904504e+01
2.011340387519357620e+01
1.978141930632513024e+01
1.946153579852463622e+01
1.914464257322783425e+01
1.884013946829425379e+01
1.853196221815290912e+01
1.826237568670455502e+01
1.802377708849535765e+01
1.777739029684626004e+01
1.746005520763203123e+01
1.711333277599112179e+01
1.671420668064824255e+01
1.629181180643706028e+01
1.588922684048094602e+01
1.550345115201116108e+01
1.513816999946103081e+01
1.473351563106184692e+01
1.434338604279088436e+01
1.397551879621341797e+01
1.346876592144700169e+01
1.294571635128158249e+01
1.244722133507571726e+01
1.195428994189911265e+01
1.146286174723938522e+01
1.096768092916392234e+01
1.051956177888962252e+01
1.006699121247134698e+01
9.560901487164164436e+00
8.947878837656414674e+00
8.492565886384724649e+00
8.223835621454789191e+00
7.915940711520272011e+00
7.614568669027608649e+00
7.187264365611270911e+00
6.793247717070688196e+00
6.456868283806676878e+00
6.062981981572572288e+00
5.586986810396828318e+00
4.962563732871833722e+00
4.548537892974381158e+00
4.233607633784393975e+00
3.950610629351499536e+00
3.557929616228677538e+00
2.949354857020430210e+00
2.278988688716609534e+00
1.933369657677414200e+00
1.487815844793383135e+00
1.289785958715004011e+00
1.049759830761683777e+00
9.380466590492820833e-01
7.955976701455352851e-01
6.740627865870290059e-01
5.405041350595790606e-01
