2.174019391371011807e+02
2.184518142106179255e+02
2.199729323041717919e+02
2.207818262705806376e+02
2.212404080212874646e+02
2.213101546437269462e+02
2.211282320204119856e+02
2.208002163447096962e+02
2.201886892756315603e+02
2.192461693589788752e+02
2.181311483649073750e+02
2.166666403104616165e+02
2.151817449222111520e+02
2.136264606078497366e+02
2.117287348333936734e+02
2.092167991685919617e+02
2.052031109313698494e+02
2.008843544112027928e+02
1.956163738306491666e+02
1.864534323698828757e+02
1.794283613978727203e+02
1.755167702238440768e+02
1.714828130874062708e+02
1.689743263694782627e+02
1.670559427672400545e+02
1.652312961238849596e+02
1.637298898730490180e+02
1.622575375945711471e+02
1.610506107731690690e+02
1.598728604114297696e+02
1.587268815434479450e+02
1.576821609983490760e+02
1.567100591164324044e+02
1.556944473830005506e+02
1.546330134817664259e+02
1.530665327068610111e+02
1.518342588626362897e+02
1.508390629762321851e+02
1.506501678397530100e+02
1.500349204276308512e+02
1.493718166341183178e+02
1.487904781123802707e+02
1.480895546387779973e+02
1.469981430194163181e+02
1.455222515422734375e+02
1.440525725919386844e+02
1.425371738804874155e+02
1.409025445666811152e+02
1.394806034008996392e+02
1.375181787470935433e+02
1.356587447111711526e+02
1.331650665247952361e+02
1.306640488898242722e+02
1.285518699888827996e+02
1.263026335948492118e+02
1.251775701370900293e+02
1.244646041867126058e+02
1.235316534275849421e+02
1.226091067478445211e+02
1.218130386348109511e+02
1.216991854984176911e+02
1.223219482402441400e+02
1.223588518161158447e+02
1.217782961740762318e+02
1.205998818631392311e+02
1.189803076930487862e+02
1.161542130246439370e+02
1.139143417064539392e+02
1.120880712363334624e+02
1.103487552107058320e+02
1.084470874622056584e+02
1.063408085454547631e+02
1.038992896538951953e+02
1.003939874272742259e+02
9.231282309702771727e+01
8.692091946632403676e+01
8.253972124677444810e+01
8.021735513819766084e+01
7.817386098617986079e+01
7.453896424453532177e+01
7.257465037568888988e+01
7.147500609847789121e+01
7.043849381671277854e+01
6.900016764016707782e+01
6.801676928728785754e+01
6.710684721689250409e+01
6.609802131269042036e+01
6.506543693805615192e+01
6.410641382579211722e+01
6.314214798041597732e+01
6.219236788599698684e+01
6.137699163893492482e+01
6.044526360425113864e+01
5.919418670255378601e+01
5.810938239323873233e+01
5.654493040956478467e+01
5.340187876116764443e+01
5.178396346392683114e+01
5.073863754962761874e+01
4.979427364143844414e+01
4.885539173735394058e+01
4.798213329384176973e+01
4.706848726353381807e+01
4.600404597356229885e+01
4.468796591062504575e+01
4.339552747895743323e+01
4.221351617505519727e+01
4.093965720414884402e+01
3.914753792697551660e+01
3.752404573011525457e+01
3.640385429933358807e+01
3.572479289999934338e+01
3.516219494615670271e+01
3.456224043285064340e+01
3.404765512158594021e+01
3.352317663422254412e+01
3.301539334114035995e+01
3.252690015240635546e+01
3.200660722281777026e+01
3.152186867057723774e+01
3.105150050617408297e+01
3.050371045802770098e+01
2.992555813130084275e+01
2.935336857144669054e+01
2.877786679588515639e+01
2.818682845129957570e+01
2.764197385857822908e+01
2.706226113930904020e+01
2.648737487296101634e+01
2.592020511846489228e+01
2.542392512369770330e+01
2.493562617868855469e+01
2.427504591190058747e+01
2.360071051039972545e+01
2.308709224692286810e+01
2.261580586946361393e+01
2.225484932494350332e+01
2.191920240094138350e+01
2.148832016948973234e+01
2.106979476789138417e+01
2.064476496388203941e+01
2.019172137055963390e+01
1.976000602520523941e+01
1.934882129513972160e+01
1.887146837732039728e+01
1.841844141615585784e+01
1.788873668176432474e+01
1.721993809497915606e+01
1.641836296830967967e+01
1.551927241831794646e+01
1.495544815461302512e+01
1.447548139619591367e+01
1.393310924774563020e+01
1.323506863458708693e+01
1.243252604076217693e+01
1.187010991183050201e+01
1.147275630739766505e+01
1.113698779677095274e+01
1.084168097252677576e+01
1.052124924980828702e+01
1.012275987725021409e+01
9.742835487185743659e+00
9.277063638849599059e+00
8.740138135289166499e+00
8.282851681201359284e+00
7.875908860742002027e+00
7.620017188814471432e+00
7.400187354995011013e+00
7.083180430214052414e+00
6.824760993344772153e+00
6.563710375572846090e+00
6.306054982311053436e+00
6.034646406094330118e+00
5.595969078862221835e+00
5.357865194257778185e+00
0.000000000000000000e+00
0.000000000000000000e+00
0.000000000000000000e+00
0.000000000000000000e+00
0.000000000000000000e+00
0.000000000000000000e+00
0.000000000000000000e+00
0.000000000000000000e+00
0.000000000000000000e+00
0.000000000000000000e+00
0.000000000000000000e+00
0.000000000000000000e+00
0.000000000000000000e+00
0.000000000000000000e+00
0.000000000000000000e+00
0.000000000000000000e+00
0.000000000000000000e+00
0.000000000000000000e+00
0.000000000000000000e+00
0.000000000000000000e+00
0.000000000000000000e+00
0.000000000000000000e+00
0.000000000000000000e+00
0.000000000000000000e+00
