2.336739104142736778e+02
2.332302259388505092e+02
2.327190133046532310e+02
2.321449750378641852e+02
2.315761012091177804e+02
2.305036268052405148e+02
2.296571807533558456e+02
2.292696672422212885e+02
2.289418481275106672e+02
2.282946863103442183e+02
2.276280061390875744e+02
2.270306983055100432e+02
2.265261955886809062e+02
2.259820937724221039e+02
2.253377377920323283e+02
2.246242750446856178e+02
2.240212726837447406e+02
2.233532441800704191e+02
2.229133516818227463e+02
2.235945063617549522e+02
2.240315329263320052e+02
2.238710163258490979e+02
2.229558889392974095e+02
2.216563194754213555e+02
2.204591007048379083e+02
2.190848796206820737e+02
2.178229626818803126e+02
2.169396937685883415e+02
2.159211991418096375e+02
2.147687961879564114e+02
2.133263265949144341e+02
2.113961888668152653e+02
2.089078292259621321e+02
2.054492173835920994e+02
2.013116449832504600e+02
1.989281519022302120e+02
1.968879288433617489e+02
1.947957708715495926e+02
1.920796020889347915e+02
1.898086659397612266e+02
1.870657290797679195e+02
1.845247077838616008e+02
1.813470348046140259e+02
1.778464242508892141e+02
1.717983438953054076e+02
1.682280089103544185e+02
1.656241296546083390e+02
1.631507214456403290e+02
1.607019746059959289e+02
1.576771861362356049e+02
1.555262762049339074e+02
1.537831172111181957e+02
1.521474287100182892e+02
1.506025630863956906e+02
1.491765791480858923e+02
1.476435760666127806e+02
1.456696073273006959e+02
1.432531221963768076e+02
1.423693269270386850e+02
1.415224806786999636e+02
1.404750310468045029e+02
1.383764501072137136e+02
1.378842356749401858e+02
1.378785310348675353e+02
1.376620742478203283e+02
1.365611712195929499e+02
1.350145193588302277e+02
1.334562868574803645e+02
1.318254070627970407e+02
1.299443905074711267e+02
1.275977420669095892e+02
1.245346036188033167e+02
1.203964443560531663e+02
1.106389557016651963e+02
1.058791766174245623e+02
1.031850475564371834e+02
1.008489744865137538e+02
9.870251210455704438e+01
9.656657631409879627e+01
9.429224380150884599e+01
9.160279409126697203e+01
8.814014561513319279e+01
8.193457979945598879e+01
7.807861187957398386e+01
7.606056629801503277e+01
7.446680532208621628e+01
7.298498250385345898e+01
7.145753437866487445e+01
7.003126588808225961e+01
6.855111927340830391e+01
6.721243372499952784e+01
6.589418652479741922e+01
6.401205963854543768e+01
6.147643212312731009e+01
5.988105086291268009e+01
5.857064046591548845e+01
5.739396191722809704e+01
5.628002139968997142e+01
5.525642003958007820e+01
5.420447703252116156e+01
5.316895526312170972e+01
5.231895044222736857e+01
5.161014721989439380e+01
5.114319007007757989e+01
5.059476670892845362e+01
4.991725626946439576e+01
4.913867409708194600e+01
4.816368076942146814e+01
4.723298317801221913e+01
4.634540654851027597e+01
4.540363776760119663e+01
4.451710347469158791e+01
4.361020964042864279e+01
4.281072227947914399e+01
4.205808480477283240e+01
4.135495363337908969e+01
4.068769397826411449e+01
3.999796769253707396e+01
3.932572555820677707e+01
3.868707130130187011e+01
3.805402995114038589e+01
3.739696730514398837e+01
3.666634328084752781e+01
3.603483805431368836e+01
3.550972195698950173e+01
3.495197486092573058e+01
3.438537175730137108e+01
3.382682665600890459e+01
3.337569193995965833e+01
3.298791565781966284e+01
3.253426573424225410e+01
3.202651393383858647e+01
3.164675308976496382e+01
3.121944373639876602e+01
3.084496544586885136e+01
3.051361641909523215e+01
3.024141631640651084e+01
2.995482900412366689e+01
2.965452329582784685e+01
2.923054224030487092e+01
2.877413661015290103e+01
2.820382265362745855e+01
2.757700872761749977e+01
2.702368791726409825e+01
2.643919649330941013e+01
2.581407021000608992e+01
2.511990254659648869e+01
2.434136327728118587e+01
2.346134204616769026e+01
2.254893396072417033e+01
2.168177335430188180e+01
2.073803472040378182e+01
1.924664047966730962e+01
1.776953728228379248e+01
1.626009823728825765e+01
1.490482651351434562e+01
1.466577280236289837e+01
1.438863180262427477e+01
1.315785954831513038e+01
1.286304144885876788e+01
1.252211842438875955e+01
1.304461412534807785e+01
1.173505564450340266e+01
1.130746087373705500e+01
1.089854993768575930e+01
1.049056486101672903e+01
1.012826182555753185e+01
9.844117865925042565e+00
9.490613673699096253e+00
8.984677712370203295e+00
8.501920413268960530e+00
8.081481863676629018e+00
7.652174641138569378e+00
7.253159846807926137e+00
6.957418109983352750e+00
6.634673536741426680e+00
6.241279337884869882e+00
5.817887487744971331e+00
5.411867895301010201e+00
5.101280940049432999e+00
4.616057525429425823e+00
4.113238128974662011e+00
3.784736173356976874e+00
3.537831950098536904e+00
3.279832362233197962e+00
2.830753993045858952e+00
2.413515998728379852e+00
1.990010767403243230e+00
2.096844111575348890e+00
9.324040488209599520e-01
7.636370822664639846e-01
6.336210286607178999e-01
5.372216435742434015e-01
0.000000000000000000e+00
0.000000000000000000e+00
0.000000000000000000e+00
0.000000000000000000e+00
0.000000000000000000e+00
0.000000000000000000e+00
