2.172768502983350629e+02
2.175073418731743971e+02
2.177622698629664910e+02
2.184456317597788200e+02
2.190449807560574698e+02
2.196273112612084333e+02
2.200160282274208328e+02
2.204165242781412246e+02
2.206317973698519097e+02
2.203024156831010885e+02
2.195121023031612992e+02
2.185945401286676031e+02
2.174372256281616558e+02
2.157527123636390627e+02
2.136399114967005630e+02
2.109647802381053339e+02
2.081728704677995268e+02
2.047090629405683160e+02
1.997848512511831132e+02
1.909849696143128597e+02
1.787795055579975667e+02
1.746363801042890600e+02
1.718142079320819278e+02
1.697519930827928079e+02
1.683017387606544730e+02
1.665459872078082810e+02
1.644190634967269489e+02
1.627391472630273483e+02
1.611454569778876191e+02
1.595736880312285564e+02
1.578717253787368122e+02
1.567462855189894810e+02
1.558373946764793914e+02
1.546484747854105990e+02
1.536511613103171499e+02
1.520015355020056234e+02
1.505676931841209978e+02
1.453735401896482244e+02
1.385679062189708191e+02
1.336278292039189637e+02
1.267055808201254337e+02
1.200687952489812176e+02
1.107990138130271731e+02
1.053006206838605863e+02
1.026528765536716747e+02
1.026087568555801539e+02
9.876032920407148197e+01
1.412632698772945616e+02
9.594656550527025729e+01
9.496305217550104771e+01
9.423202517007094059e+01
9.358345097335798357e+01
9.264550413787756611e+01
9.155490349064986333e+01
9.088051846958035185e+01
9.080076924513764425e+01
7.193809023222897281e+01
7.463916952318867004e+01
7.703037576622047311e+01
8.593200489263634267e+01
1.066683335894124411e+02
1.031313483856651629e+02
1.022814639715017933e+02
1.009072408727956116e+02
9.828266429064879617e+01
9.590929967177140725e+01
9.138410016492126431e+01
8.827642960134453176e+01
8.593303767746988342e+01
8.489135883700217278e+01
1.474000673407288673e+02
1.452962790095186563e+02
1.427009927958698938e+02
1.401044276423447172e+02
1.377413449000717094e+02
1.362699510783257040e+02
1.362117934861529704e+02
1.357333400204597922e+02
7.871659712574934531e+01
1.329104067961341684e+02
1.319532120345530473e+02
1.309309822581267326e+02
1.295556074181897657e+02
1.282644318469943414e+02
6.922624514461021761e+01
6.800373467600660149e+01
6.660281216924850867e+01
6.537156763892409117e+01
6.434004039782553264e+01
6.340302018194202560e+01
6.052887913604318015e+01
6.126985261318557008e+01
1.006090609411686216e+02
5.848622382870590997e+01
5.782772923907815255e+01
5.712891951843609917e+01
5.637097841009325094e+01
5.570051305768946293e+01
5.513710400636188069e+01
5.435137197696077038e+01
5.356086689820687496e+01
5.299684688059659976e+01
5.238296113384342334e+01
5.187735200849672879e+01
5.142688379060435722e+01
5.110389528390118130e+01
5.078996110331021896e+01
5.043435831605160757e+01
7.908726812672666995e+01
4.963376561064700354e+01
7.702757155618959928e+01
7.587375151743363233e+01
7.471825825992442560e+01
7.323002249141667619e+01
7.228378148901950340e+01
7.131455724834253829e+01
4.499752057738466959e+01
4.391744310750876679e+01
4.218789193528271397e+01
4.119613188659469927e+01
6.489508685451198744e+01
4.044861704608117492e+01
3.931435192231364084e+01
3.775610024987497582e+01
3.620731216187135004e+01
3.414436144784269800e+01
3.305635532535471555e+01
3.174518036950699340e+01
3.142599270774539022e+01
3.104993718649446066e+01
3.056276385876333990e+01
2.988851497171008731e+01
2.891950759535423288e+01
2.754926140795805622e+01
2.762743595670489327e+01
2.719925881435021608e+01
2.404996968181194461e+01
2.632850411548768221e+01
2.574878928785997800e+01
2.529137830301285206e+01
2.487221574992147666e+01
2.454649767529813786e+01
1.912114225571119164e+01
2.339072517999440848e+01
2.295968285014819088e+01
2.243370601618174121e+01
2.182432998276608771e+01
2.241790645855613562e+01
2.182290621984718371e+01
2.343729964222936601e+01
2.063875765472758061e+01
1.996241144031494130e+01
1.942119208863149638e+01
1.866329692791614292e+01
1.644057909063197087e+01
1.950248345253530502e+01
1.446985786544194141e+01
1.825739480641629697e+01
1.716144945476686345e+01
1.242250870227432813e+01
1.135848714495798717e+01
1.168296180508699322e+01
1.151438562117782105e+01
1.041303055946719347e+01
1.108786691005959923e+01
1.083801303912864711e+01
1.055333972341616722e+01
1.217251390841951952e+01
1.000220358025227263e+01
9.635601815116435986e+00
9.290608088203756054e+00
8.920187996141779152e+00
8.419259274074107680e+00
7.879354161129957568e+00
7.752776886517599664e+00
5.961056849990032269e+00
4.116033559963548250e+00
5.185404951760382630e+00
4.336369461573323036e+00
2.991738438559446767e+00
1.386105617858320205e+00
1.507434652654723761e+00
1.641059709165429537e+00
1.560727200314029117e+00
2.886897418451713992e+00
1.221601015638016152e+00
1.156763690306026326e+00
8.545186359390495312e-01
8.409594660905312935e-01
0.000000000000000000e+00
0.000000000000000000e+00
0.000000000000000000e+00
0.000000000000000000e+00
0.000000000000000000e+00
0.000000000000000000e+00
0.000000000000000000e+00
0.000000000000000000e+00
0.000000000000000000e+00
0.000000000000000000e+00