1.966811675879039285e+02
1.938199433820550723e+02
1.918005512438519986e+02
1.912621497785971769e+02
1.909700244891928378e+02
1.905400931102474544e+02
1.899607625736688306e+02
1.894324069789370526e+02
1.887798807514196540e+02
1.879148791512818661e+02
1.871039724351865345e+02
1.862148113212440705e+02
1.853655016228506724e+02
1.846448456567628398e+02
1.836822056562618855e+02
1.826879917253702956e+02
1.813469057730856662e+02
1.795578160075754681e+02
1.776000259529922971e+02
1.753186553371748744e+02
1.727458640647610082e+02
1.689941088986068678e+02
1.576924113132169225e+02
1.536459597834323176e+02
1.516553234435995421e+02
1.498449410250748315e+02
1.480879422421774905e+02
1.466061272405814577e+02
1.453556903374094418e+02
1.442205589285143503e+02
1.430120011368049404e+02
1.416409260443720086e+02
1.407261004698460169e+02
1.397288749792982401e+02
1.387796756865054135e+02
1.379834313383178142e+02
1.369653164974976391e+02
1.359362370058784677e+02
1.349734656320698036e+02
1.340694099259034999e+02
1.333704987468255183e+02
1.324970764396938421e+02
1.316765443116813401e+02
1.307607301589399356e+02
1.299170124457709790e+02
1.290317272849686674e+02
1.278213878044337264e+02
1.269562785263007498e+02
1.261041872004811921e+02
1.253706650429288487e+02
1.248002968449739427e+02
1.254807870626908226e+02
1.278995127452360521e+02
1.285165264515433989e+02
1.281991493190317897e+02
1.270682014722447803e+02
1.256496925545107644e+02
1.242171141933249032e+02
1.226647290144844078e+02
1.209382682909659934e+02
1.190155483187066210e+02
1.159462601658261605e+02
1.099609610922274214e+02
1.062672047407112785e+02
1.041663228054936496e+02
1.025005843452221939e+02
1.008454580732218631e+02
9.956654099383072776e+01
9.846493668634072094e+01
9.712820248352525709e+01
9.585302296920347942e+01
9.486123929063559501e+01
9.411513859411812177e+01
9.313504167003387124e+01
9.218292362291627740e+01
9.151012943580968795e+01
9.114761996837287938e+01
9.066870995025396951e+01
9.034334106235027662e+01
8.993295893561442256e+01
8.927859651831194299e+01
8.851782978874066998e+01
8.815305257572096309e+01
8.775004124354900625e+01
8.728941782232531921e+01
8.662922333686478282e+01
8.567113348357362668e+01
8.451197757672646560e+01
8.329072763721244144e+01
8.227607154898090869e+01
8.117567577229239362e+01
8.008800449699856472e+01
7.891227534007934707e+01
7.744365646665669090e+01
7.588739287732902028e+01
7.390521774976970448e+01
7.225534042635325704e+01
6.957954868309509777e+01
6.703646567949975577e+01
6.522848436986664922e+01
6.338364991579063457e+01
6.165767231734203335e+01
5.965827645908382237e+01
5.733573799011271177e+01
5.446029671515685777e+01
5.209977834296027766e+01
5.031908310129600892e+01
4.910807284435288267e+01
4.804294517222471939e+01
4.703554627577280911e+01
4.617034949527114662e+01
4.504533034075898712e+01
4.366804476937585378e+01
4.273265861762158835e+01
4.196746263921302500e+01
4.125887704472430073e+01
4.060284723142488161e+01
3.998475023935980488e+01
3.937672293985175287e+01
3.887722328435405217e+01
3.842517509697377420e+01
3.799654719684767912e+01
3.757551538616481679e+01
3.708733544834046114e+01
3.644558823841875039e+01
3.576874870581724508e+01
3.495128693969527234e+01
3.421669232370150127e+01
3.371837847821403500e+01
3.316590602683338318e+01
3.259922776577809600e+01
3.189722396421329975e+01
3.105928234019007661e+01
3.023541406470628345e+01
2.964030005962801084e+01
2.899679979535187258e+01
2.822129520063070984e+01
2.752687464011310681e+01
2.682539851473118020e+01
2.611065852131570253e+01
2.525135445969337411e+01
2.450107704571597012e+01
2.392360236431955656e+01
2.335264262303602933e+01
2.271319600247333526e+01
2.218326184535760959e+01
2.156047493655717062e+01
2.103016966223879081e+01
2.039143298846709484e+01
1.966990616881268039e+01
1.915335256869089164e+01
1.859032167545778336e+01
1.811981278487616365e+01
1.774212640807356323e+01
1.731954693894918407e+01
1.688845423597604523e+01
1.640013982743051812e+01
1.587221224505949202e+01
1.534360445528549022e+01
1.482589255367551573e+01
1.431106091812776882e+01
1.376613767934370713e+01
1.307702737397659298e+01
1.218679819348945159e+01
1.158223749241060041e+01
1.100602492845638913e+01
1.050384046388836978e+01
9.959586960034542358e+00
9.485469593443394132e+00
8.988299448876333031e+00
8.500646656084876795e+00
7.930288492895254393e+00
7.517010697324749913e+00
7.224537031611840909e+00
6.886823924989083245e+00
6.425421144170857524e+00
6.028290858474288250e+00
5.638075588950544947e+00
4.946805152051211962e+00
4.251401422595709079e+00
3.676940798217614770e+00
3.256573752452250226e+00
2.932096532929282517e+00
2.647206277144994679e+00
2.476166936828690712e+00
2.281498853792892856e+00
2.174755171868302916e+00
2.108581895573493625e+00
1.988833966625237482e+00
1.893344321536047259e+00
1.778728873463381932e+00
1.624977574130439750e+00
1.418194344114226624e+00
1.219628796865552367e+00
1.037664672809328836e+00
8.631922172959253237e-01
6.684954059660959125e-01
5.709295254267632291e-01
5.068140589004151986e-01
