2.064718483506498217e+02
2.052314689700324948e+02
2.043428211953056461e+02
2.034486955543391105e+02
2.025783201258132635e+02
2.017486089350044551e+02
2.009749665084088406e+02
2.002245792497654122e+02
2.001561263137942888e+02
2.002128626178157447e+02
2.001456170015174507e+02
1.996493842377095973e+02
1.988747384461344154e+02
1.980764939227416335e+02
1.968812161229995183e+02
1.958821386640890410e+02
1.949418663333493384e+02
1.939660007410323885e+02
1.928692543220485049e+02
1.921201840498604554e+02
1.915065581417699150e+02
1.908409032319656546e+02
1.903474762881386653e+02
1.896299134077588064e+02
1.879313062785359989e+02
1.862659530124749097e+02
1.858720890713148322e+02
1.859852896869036556e+02
1.861219898789962883e+02
1.858757914692502879e+02
1.855706226741574767e+02
1.848530215568111714e+02
1.837668130700437530e+02
1.824482990003428711e+02
1.810559710714228743e+02
1.795533980700194547e+02
1.777093659518929485e+02
2.031060084211107721e+02
2.016477308900862795e+02
1.995287110330262976e+02
1.978810330053039479e+02
1.959457382111298500e+02
1.931927055674279927e+02
1.908453791380750602e+02
1.885885594503580762e+02
1.862844580258510518e+02
1.844511879153506868e+02
1.408393906747348012e+02
1.796483052167995424e+02
1.769450156579613918e+02
1.741533346677182976e+02
1.702206425729096964e+02
1.671354397563562770e+02
1.290149720360498407e+02
1.272188777439212686e+02
1.252784632180100886e+02
1.235214704409734594e+02
1.217644033226373921e+02
1.197811208537325456e+02
1.178507280782288689e+02
1.162397711456282536e+02
1.143835721712495115e+02
1.124250507386675508e+02
1.107113277924649850e+02
1.091120724148825474e+02
1.076478394237868770e+02
1.064106330503724678e+02
1.051322545078204911e+02
1.040996395362910221e+02
1.030965494139808385e+02
1.016098853028679372e+02
1.005362152227725687e+02
9.957620554187808182e+01
9.880991382104967613e+01
9.830042845196659584e+01
9.778831352457787318e+01
9.719990747951705146e+01
9.656925147566437317e+01
1.442580361243798279e+02
9.495659683059659528e+01
9.400711234813677208e+01
9.322432075060356738e+01
9.262700490690187394e+01
9.205048913611710759e+01
9.152087810931300282e+01
9.081735756460004438e+01
8.975691462751569816e+01
8.816899723954578860e+01
8.616501484164851377e+01
8.456427703719593580e+01
8.316076987210507809e+01
8.179470429676921128e+01
8.032851138306270400e+01
7.064322135823107374e+01
6.948555542462669621e+01
6.843187195201545592e+01
6.717695815181124885e+01
6.541658375133813763e+01
6.905807244222582142e+01
6.463937589103032622e+01
6.216153424755162149e+01
6.090620483209648484e+01
5.984983815261705331e+01
5.873328844693943296e+01
5.756890188268285868e+01
5.669752054363925708e+01
5.583761800941474007e+01
8.121399144501357625e+01
9.719465071819850266e+01
7.989326607476638742e+01
9.494910238429076799e+01
9.458700459848235198e+01
9.407905664990623507e+01
9.330077504135743993e+01
9.241590169449972336e+01
9.188846276858629381e+01
7.145543448206875325e+01
6.975030836563735193e+01
6.764857179156518896e+01
6.534804739679564989e+01
8.657070585200163748e+01
5.949697405960010599e+01
5.668969119231371678e+01
5.392424630872621094e+01
5.138514355628006314e+01
4.952999989945043069e+01
4.716668435185174957e+01
4.458921147994767864e+01
4.303182823876949925e+01
4.203061897343038567e+01
4.117526362037722976e+01
4.021780005393102897e+01
3.946412392893486754e+01
3.867725674445221529e+01
3.798310298078153835e+01
2.168416043033584018e+01
3.664129383104469184e+01
1.877747990844016002e+01
1.775138279952192022e+01
3.828619926547396091e+01
3.662333069861028889e+01
3.399689497458985699e+01
3.014781468968853417e+01
2.733025610646100745e+01
2.507498239668668916e+01
2.321333247119727972e+01
2.539314866276049898e+01
2.455180584763767371e+01
2.396193928502464132e+01
2.347678403924254908e+01
5.494882293621616398e+00
6.530153826142601758e+00
6.612172728656338094e+00
2.103793062240765366e+01
6.063039210873152562e+00
1.904737206147869344e+01
4.362543282454382165e+00
3.953038604719516513e+00
1.780047235107737080e+01
1.721745012149016318e+01
1.658666305282023856e+01
1.587041047377653946e+01
1.520219455384541085e+01
1.458709022767511421e+01
1.394432294130708883e+01
2.157856898822358360e+01
2.115815506108453548e+01
1.874451450379502049e+01
1.793718829622259747e+01
1.730433499786955309e+01
1.645668962285342118e+01
1.043614324252538417e+01
9.300333415182118202e+00
8.888719187195254889e+00
6.430422141788691981e+00
4.229442763218119516e+00
3.548830401973952942e+00
4.682009389484089290e+00
3.055750352939642145e+00
3.277533450537012172e+00
2.056800048644594092e+00
1.661026113697230411e+00
1.607240778147296822e+00
2.132329066817666874e+00
2.110432880683501988e+00
1.051317255873735368e+00
1.218634658544341054e+00
1.100669519316490375e+00
6.292625502523453429e-01
0.000000000000000000e+00
0.000000000000000000e+00
0.000000000000000000e+00
0.000000000000000000e+00
0.000000000000000000e+00
0.000000000000000000e+00
0.000000000000000000e+00
0.000000000000000000e+00
0.000000000000000000e+00
0.000000000000000000e+00
