1.966811675879039285e+02
1.938199433820550723e+02
1.918005512438519986e+02
1.912621497785971769e+02
1.909700244891928378e+02
1.905400931102474544e+02
1.899607625736688306e+02
1.894324069789370526e+02
1.887798807514196540e+02
1.879148791512818661e+02
1.871039724351865345e+02
1.862148113212440705e+02
1.853655016228506724e+02
1.846448456567628398e+02
1.836822056562618855e+02
1.826879917253702956e+02
1.813469057730856662e+02
1.795578160075754681e+02
1.776000259529922971e+02
1.753186553371748744e+02
1.727458640647610082e+02
1.689941088986068678e+02
1.576924113132169225e+02
1.536459597834323176e+02
1.516553234435995421e+02
1.498449410250748315e+02
1.480879422421774905e+02
1.466061272405814577e+02
1.453556903374094418e+02
1.442205589285143503e+02
1.430120011368049404e+02
1.416409260443720086e+02
1.407261004698460169e+02
1.397288749792982401e+02
1.387796756865054135e+02
1.379834313383178142e+02
1.369653164974976391e+02
1.359362370058784677e+02
1.349734656320698036e+02
1.340694099259034999e+02
1.333704987468255183e+02
1.324970764396938421e+02
1.316765443116813401e+02
1.307607301589399356e+02
1.299170124457709790e+02
1.290317272849686674e+02
1.278213878044337264e+02
1.269562785263007498e+02
1.261041872004811921e+02
1.253706650429288487e+02
1.248002968449739427e+02
1.254807870626908226e+02
1.278995127452360521e+02
1.285165264515433989e+02
1.281991493190317897e+02
1.270682014722447803e+02
1.256496925545107644e+02
1.242171141933249032e+02
1.226647290144844078e+02
1.209382682909659934e+02
1.190155483187066210e+02
1.159462601658261605e+02
1.099609610922274214e+02
1.062672047407112785e+02
1.041663228054936496e+02
1.025005843452221939e+02
6.355246331773049207e+01
6.275926376426404119e+01
6.200298749805646992e+01
6.123554200248911883e+01
6.043870320083478020e+01
5.957581617261378426e+01
5.901932000669988554e+01
5.824860511624578407e+01
5.750817677917640935e+01
5.652524209787185328e+01
5.548021213884002378e+01
5.472119175328207064e+01
5.394509152011132613e+01
5.312496005523362186e+01
5.222441438691592452e+01
5.146440857793280799e+01
5.070737962683067224e+01
4.996566277178872895e+01
4.923825182590886840e+01
4.857917006608851551e+01
4.794069582715054878e+01
4.722552782543844785e+01
4.653229693345758733e+01
4.580499269045042610e+01
4.506133333804097418e+01
4.426104333698032889e+01
4.351932377976041266e+01
4.286723316555683283e+01
4.217776524130656668e+01
4.149474980963680082e+01
4.082921769186062022e+01
4.018581632162224082e+01
3.951433191064019468e+01
3.876891766636320824e+01
3.799733836205913207e+01
3.701426949716638859e+01
3.630172898132488513e+01
3.579441164750446802e+01
3.534202629263806728e+01
3.481276809285420626e+01
3.423257986464015801e+01
3.383733088431139890e+01
3.327911808791636616e+01
3.294504902992072459e+01
3.264703584629588562e+01
3.234726927423278653e+01
3.169938469739322429e+01
3.170055093156382853e+01
3.134149196457754627e+01
3.055309346971552387e+01
2.997945494881195572e+01
2.884688768181847962e+01
2.780789211699321228e+01
2.661856669453363722e+01
2.438604313414980851e+01
2.239327432200964552e+01
2.169767751136556200e+01
2.104176785513553938e+01
2.055333275935160842e+01
2.008669239998451417e+01
1.966336502936120567e+01
1.926807796702436448e+01
1.893087972380848427e+01
1.872975057702792512e+01
1.835738936699974033e+01
1.777333056071053718e+01
1.703897528950717799e+01
1.652506487334167673e+01
1.622746046782166118e+01
1.620015732252189977e+01
1.588737437567868405e+01
1.555860814780397838e+01
1.521312770288072791e+01
1.477882786088238554e+01
1.430918135296963278e+01
1.386617310720356677e+01
1.234676617996941062e+01
1.117779442407379342e+01
1.135196860876634695e+01
1.042883463440700886e+01
9.680673130627905465e+00
9.437061735324238754e+00
9.173985930894152929e+00
8.969776846972125739e+00
8.576482691362278032e+00
8.159778965796556705e+00
7.877143135748457148e+00
7.836676820475950933e+00
7.820499948451699268e+00
7.792715490795369071e+00
7.748183564609743001e+00
7.754892026813199557e+00
7.775525382326896384e+00
7.717248925451352548e+00
7.631855293572494148e+00
7.491918067200908027e+00
7.284124741093040534e+00
7.113625664828775896e+00
6.936675854104782601e+00
6.713464808787018789e+00
6.461095681225271115e+00
5.935658255801017802e+00
5.665977133156245849e+00
5.309416909270821883e+00
4.932450735933601393e+00
4.707675248250533961e+00
4.018962651697354005e+00
3.542449632324835118e+00
2.913685494318667413e+00
2.687629131525540060e+00
2.349949127851437503e+00
2.187805463940189821e+00
2.046078044161625975e+00
1.882556083845690065e+00
1.766827103547340627e+00
1.605931660799794436e+00
1.351046797872548222e+00
1.244015741786804519e+00
1.104755551707771399e+00
1.033258668141138870e+00
9.618387405415684821e-01
8.713006191055016059e-01
7.929261070443864856e-01
7.239742830727113887e-01
6.540242408894607617e-01
5.316696651726543488e-01
