2.174019391371011807e+02
2.184518142106179255e+02
2.199729323041717919e+02
2.207818262705806376e+02
2.212404080212874646e+02
2.213101546437269462e+02
2.211282320204119856e+02
2.208002163447096962e+02
2.201886892756315603e+02
2.192461693589788752e+02
2.181311483649073750e+02
2.166666403104616165e+02
2.151817449222111520e+02
2.136264606078497366e+02
2.117287348333936734e+02
2.092167991685919617e+02
2.052031109313698494e+02
2.008843544112027928e+02
1.956163738306491666e+02
1.864534323698828757e+02
1.794283613978727203e+02
1.755167702238440768e+02
1.714828130874062708e+02
1.689743263694782627e+02
1.670559427672400545e+02
1.652312961238849596e+02
1.637298898730490180e+02
1.622575375945711471e+02
1.610506107731690690e+02
1.598728604114297696e+02
1.587268815434479450e+02
1.576821609983490760e+02
1.567100591164324044e+02
1.556944473830005506e+02
1.546330134817664259e+02
1.530665327068610111e+02
1.518342588626362897e+02
1.508390629762321851e+02
1.506501678397530100e+02
1.500349204276308512e+02
1.493718166341183178e+02
1.487904781123802707e+02
6.856140912288678635e+01
6.764900762859601002e+01
6.672888785728734717e+01
6.592384516782800574e+01
6.526669283506892327e+01
6.459789217025712560e+01
6.401695221745453068e+01
6.344713059015938228e+01
6.293389837818408239e+01
6.251672374656465081e+01
6.201551647512172138e+01
6.131006553105352452e+01
6.073410873990717818e+01
6.023454698574512634e+01
5.984621455130712064e+01
5.942804180061155961e+01
5.891265825915698429e+01
5.824079637990043068e+01
5.759954052722299167e+01
5.671007520234993393e+01
5.601365710979750645e+01
5.537742081814894135e+01
5.491864935952929727e+01
5.448625950369466864e+01
5.406357724493625483e+01
5.347044463804740388e+01
5.272437118722260152e+01
5.175488954056739033e+01
5.106394686769864677e+01
5.057197281842369563e+01
5.018049601442681507e+01
4.972641508284137757e+01
4.921831011232470132e+01
4.875532869504010591e+01
4.828363180765114748e+01
4.769062771012924173e+01
4.674341562510471704e+01
4.598600327427644174e+01
4.517986269927302345e+01
4.437649778488294317e+01
4.348162654444470121e+01
4.246165900390837322e+01
4.135938553015790120e+01
4.003871136002983633e+01
3.814356108635526255e+01
3.611678799002532969e+01
3.482540752908236215e+01
3.376102877499369015e+01
3.113233379270004875e+01
3.100918426227952196e+01
3.096360375681698685e+01
2.860693195483928619e+01
2.775341017616899464e+01
2.494191854953646725e+01
2.472665263636914190e+01
2.285230846669973559e+01
2.097727716203184301e+01
1.820597333773994109e+01
2.436122905611782130e+01
2.382474727369174516e+01
2.309960664721754853e+01
2.184355819749675831e+01
2.092464192054578120e+01
2.046351920867991936e+01
2.038178327602211226e+01
2.020848896682313622e+01
1.996582845842996790e+01
1.959992729034744130e+01
1.931733972783328923e+01
1.897585487371368984e+01
1.875830684386011526e+01
1.833991671066535289e+01
1.778767833362206474e+01
1.760435477880559674e+01
1.736552209909407907e+01
1.708980219221426111e+01
1.684198313963441507e+01
1.658347942164460065e+01
1.628819754247188101e+01
1.598510441047516828e+01
1.559058710317596130e+01
1.524212605750363991e+01
1.470222338783795024e+01
1.410949983490884918e+01
1.369496349729424267e+01
1.337777279396939889e+01
1.318658520178678728e+01
1.298251101155179477e+01
1.276068453258866064e+01
1.254037272018046245e+01
1.226787350834198520e+01
1.201574257406054080e+01
1.174192163751974682e+01
1.147168484999316718e+01
1.120555051661307111e+01
1.083930902899629167e+01
1.050656686252954586e+01
1.019968668935762146e+01
9.944036613310952788e+00
9.573982673261799192e+00
8.976108062006773025e+00
8.149891698788056971e+00
7.345518995691571185e+00
6.565936026749406906e+00
5.936349754204369056e+00
5.193825855465561858e+00
5.098297568176766603e+00
4.897615589266419711e+00
4.687647206923304388e+00
4.407184368844785816e+00
4.585876165967214035e+00
4.330563884713100720e+00
4.285262546974413667e+00
4.110247543027937489e+00
3.997724007875589347e+00
3.886453177340715825e+00
3.788819931462743096e+00
3.637016432268821209e+00
3.586287435998242845e+00
3.487110474884042244e+00
3.492024438670067621e+00
3.473069874285382053e+00
3.377563283298163910e+00
3.275444474961281216e+00
3.195833697763054371e+00
3.113771014534052473e+00
3.133831702253187412e+00
3.150967619684957643e+00
3.109541143300621258e+00
3.029079137518442710e+00
2.923945134531468870e+00
2.835478270187935745e+00
2.734255657063026312e+00
2.597137790721049999e+00
2.496817090635182090e+00
2.374693303934051425e+00
2.264153208428590691e+00
2.162278297951840678e+00
2.055118153539846393e+00
1.937410465697032347e+00
1.800342104735658033e+00
1.698574083917671507e+00
1.575550544491659100e+00
1.415414868435664442e+00
1.160850498436146072e+00
1.007413971538155817e+00
8.912923043687630553e-01
8.170960429105418310e-01
6.407600493726438584e-01
5.740350400078852999e-01
