2.336739104142736778e+02
2.332302259388505092e+02
2.327190133046532310e+02
2.321449750378641852e+02
2.315761012091177804e+02
2.305036268052405148e+02
2.296571807533558456e+02
2.292696672422212885e+02
2.289418481275106672e+02
2.282946863103442183e+02
2.276280061390875744e+02
2.270306983055100432e+02
2.265261955886809062e+02
2.259820937724221039e+02
2.253377377920323283e+02
2.246242750446856178e+02
2.240212726837447406e+02
2.233532441800704191e+02
2.229133516818227463e+02
2.235945063617549522e+02
2.240315329263320052e+02
2.238710163258490979e+02
2.229558889392974095e+02
2.216563194754213555e+02
2.204591007048379083e+02
2.190848796206820737e+02
2.178229626818803126e+02
2.169396937685883415e+02
2.159211991418096375e+02
2.147687961879564114e+02
2.133263265949144341e+02
2.113961888668152653e+02
2.089078292259621321e+02
2.054492173835920994e+02
2.013116449832504600e+02
1.989281519022302120e+02
1.968879288433617489e+02
1.947957708715495926e+02
1.920796020889347915e+02
1.898086659397612266e+02
1.870657290797679195e+02
1.845247077838616008e+02
1.813470348046140259e+02
1.778464242508892141e+02
1.717983438953054076e+02
1.682280089103544185e+02
1.656241296546083390e+02
1.631507214456403290e+02
1.607019746059959289e+02
1.576771861362356049e+02
1.555262762049339074e+02
1.537831172111181957e+02
1.521474287100182892e+02
9.072532201638026095e+01
8.906672839071391934e+01
8.734667370646216966e+01
8.607437271870715279e+01
8.495768140119491818e+01
8.395545568838606698e+01
8.289250461936349268e+01
8.178008537084431850e+01
8.048952304525730028e+01
7.954808485259879092e+01
7.867263540071097339e+01
7.779398627292036394e+01
7.703038933634243790e+01
7.635504200890594007e+01
7.565029737134888421e+01
7.486475966995105580e+01
7.388653704917615528e+01
7.295412884776874307e+01
7.205164593790460970e+01
7.112236642974481526e+01
7.022203117517395299e+01
6.932222870409341908e+01
6.834691588877407753e+01
6.732860881246544693e+01
6.627388678712041781e+01
6.522626731047179760e+01
6.400767083510321243e+01
6.157005102900171067e+01
5.982592610894694474e+01
5.880543775914365057e+01
5.778621145010348670e+01
5.678036141190255393e+01
5.539980414939589082e+01
5.313393903978732880e+01
5.214304564624547567e+01
5.145153606283741254e+01
5.091233682130675930e+01
5.047027372411238844e+01
5.005179295460782640e+01
4.949891045849376070e+01
4.870185213827663517e+01
4.803318443824600337e+01
4.735553696673684243e+01
4.662477995179574464e+01
4.580960529822638705e+01
4.471000314963941946e+01
4.324458694615337606e+01
4.202432050050729373e+01
4.079157969588172961e+01
3.901251295461811708e+01
3.750288720019015898e+01
3.577917508681661474e+01
3.470700061501583633e+01
3.386663825774687098e+01
3.313211361333203797e+01
3.241659739609987412e+01
3.165577148041053235e+01
3.105318019145502362e+01
3.051696260956657980e+01
2.990327458528306082e+01
2.942758195474241845e+01
2.898306753577243811e+01
2.857561760335643442e+01
2.821618952077839637e+01
2.791614566073725712e+01
2.752739283803904513e+01
2.709177485440699229e+01
2.663911482234281536e+01
2.625097475824075843e+01
2.581526494324167231e+01
2.544523487991113342e+01
2.506526476198127895e+01
2.468935216138571676e+01
2.431162007095538513e+01
2.390251226515694682e+01
2.339406890528277927e+01
2.279823143823801246e+01
2.245311779694221244e+01
2.213860715786088917e+01
2.181590311184757169e+01
2.151753370055123327e+01
2.124438400050175346e+01
2.101254594746285775e+01
2.076509566921610528e+01
2.050190705469653807e+01
2.019145036680541594e+01
1.985452443346110130e+01
1.950590651705862655e+01
1.911279865007002599e+01
1.870229380381599427e+01
1.825365987434734194e+01
1.778225773670563470e+01
1.725046389239042810e+01
1.677835920796185221e+01
1.628480892545569603e+01
1.565355544411763589e+01
1.471201167440231572e+01
1.406967585551445055e+01
1.359516291084672801e+01
1.328721558503535327e+01
1.297444367575183044e+01
1.263777230720024747e+01
1.230154083626956663e+01
1.200178817894937566e+01
1.170898959448708609e+01
1.156633644239562742e+01
1.149148459191746952e+01
1.145709950294650881e+01
1.126607385607685607e+01
1.102594273234554834e+01
1.080094059291250552e+01
1.053786644943624395e+01
1.019870720493871197e+01
9.858440379822381416e+00
9.524657580224689113e+00
9.124326720435721683e+00
8.787653369141256832e+00
8.210971216075806822e+00
7.777703370646007031e+00
7.083318580000341314e+00
5.520929929639067701e+00
4.329149945663472998e+00
3.732130249575596803e+00
4.483495999341467808e+00
2.427082401884267160e+00
2.296751868313157807e+00
2.195192879791045826e+00
2.032856024203665068e+00
1.830137002056340556e+00
1.681321399534924321e+00
1.558060455352725082e+00
1.505199141351852177e+00
1.410576648963474566e+00
1.287889130214485034e+00
1.146732451436192513e+00
1.023412698015340849e+00
9.244653199649344177e-01
8.430859916712906132e-01
7.433598965852297180e-01
6.313201720939414230e-01
5.571420901832048189e-01
